date,stage_avg,stage_min,stage_max,temp,water_code,station_id
1984-01-01,171.0,171.0,171.0,,16.0,5216
1984-01-02,169.0,169.0,169.0,,16.0,5216
1984-01-03,167.0,167.0,167.0,,16.0,5216
1984-01-04,166.0,166.0,166.0,,16.0,5216
1984-01-05,166.0,166.0,166.0,,16.0,5216
1984-01-06,164.0,164.0,164.0,,16.0,5216
1984-01-07,163.0,163.0,163.0,,16.0,5216
1984-01-08,161.0,161.0,161.0,,16.0,5216
1984-01-09,161.0,161.0,161.0,,16.0,5216
1984-01-10,161.0,161.0,161.0,,16.0,5216
1984-01-11,160.0,160.0,160.0,,16.0,5216
1984-01-12,158.0,158.0,158.0,,16.0,5216
1984-01-13,158.0,158.0,158.0,,16.0,5216
1984-01-14,156.0,156.0,156.0,,16.0,5216
1984-01-15,155.0,155.0,155.0,,16.0,5216
1984-01-16,154.0,154.0,154.0,,16.0,5216
1984-01-17,153.0,153.0,153.0,,16.0,5216
1984-01-18,152.0,152.0,152.0,,16.0,5216
1984-01-19,151.0,151.0,151.0,,16.0,5216
1984-01-20,150.0,150.0,150.0,,16.0,5216
1984-01-21,150.0,150.0,150.0,,16.0,5216
1984-01-22,149.0,149.0,149.0,,16.0,5216
1984-01-23,149.0,149.0,149.0,,16.0,5216
1984-01-24,149.0,149.0,149.0,,16.0,5216
1984-01-25,149.0,149.0,149.0,,16.0,5216
1984-01-26,149.0,149.0,149.0,,16.0,5216
1984-01-27,146.0,146.0,146.0,,16.0,5216
1984-01-28,146.0,146.0,146.0,,16.0,5216
1984-01-29,146.0,146.0,146.0,,16.0,5216
1984-01-30,146.0,146.0,146.0,,16.0,5216
1984-01-31,146.0,146.0,146.0,,16.0,5216
1984-02-01,146.0,146.0,146.0,,16.0,5216
1984-02-02,146.0,146.0,146.0,,16.0,5216
1984-02-03,146.0,146.0,146.0,,16.0,5216
1984-02-04,145.0,145.0,145.0,,16.0,5216
1984-02-05,145.0,145.0,145.0,,16.0,5216
1984-02-06,145.0,145.0,145.0,,16.0,5216
1984-02-07,145.0,145.0,145.0,,16.0,5216
1984-02-08,145.0,145.0,145.0,,16.0,5216
1984-02-09,145.0,145.0,145.0,,16.0,5216
1984-02-10,145.0,145.0,145.0,,16.0,5216
1984-02-11,145.0,145.0,145.0,,16.0,5216
1984-02-12,145.0,145.0,145.0,,16.0,5216
1984-02-13,144.0,144.0,144.0,,16.0,5216
1984-02-14,144.0,144.0,144.0,,16.0,5216
1984-02-15,144.0,144.0,144.0,,16.0,5216
1984-02-16,144.0,144.0,144.0,,16.0,5216
1984-02-17,144.0,144.0,144.0,,16.0,5216
1984-02-18,143.0,143.0,143.0,,16.0,5216
1984-02-19,143.0,143.0,143.0,,16.0,5216
1984-02-20,143.0,143.0,143.0,,16.0,5216
1984-02-21,143.0,143.0,143.0,,16.0,5216
1984-02-22,143.0,143.0,143.0,,16.0,5216
1984-02-23,143.0,143.0,143.0,,16.0,5216
1984-02-24,143.0,143.0,143.0,,16.0,5216
1984-02-25,143.0,143.0,143.0,,16.0,5216
1984-02-26,143.0,143.0,143.0,,16.0,5216
1984-02-27,143.0,143.0,143.0,,16.0,5216
1984-02-28,142.0,142.0,142.0,,16.0,5216
1984-02-29,142.0,142.0,142.0,,16.0,5216
1984-03-01,142.0,142.0,142.0,,16.0,5216
1984-03-02,142.0,142.0,142.0,,16.0,5216
1984-03-03,142.0,142.0,142.0,,16.0,5216
1984-03-04,142.0,142.0,142.0,,16.0,5216
1984-03-05,142.0,142.0,142.0,,16.0,5216
1984-03-06,143.0,142.0,143.0,,16.0,5216
1984-03-07,143.0,143.0,143.0,,16.0,5216
1984-03-08,143.0,143.0,143.0,,16.0,5216
1984-03-09,144.0,143.0,144.0,,16.0,5216
1984-03-10,144.0,144.0,144.0,,16.0,5216
1984-03-11,144.0,143.0,144.0,0.0,16.0,5216
1984-03-12,142.0,142.0,142.0,0.0,16.0,5216
1984-03-13,142.0,142.0,142.0,0.0,16.0,5216
1984-03-14,142.0,142.0,142.0,0.0,16.0,5216
1984-03-15,143.0,142.0,144.0,0.0,16.0,5216
1984-03-16,144.0,144.0,144.0,0.0,16.0,5216
1984-03-17,144.0,144.0,144.0,0.0,16.0,5216
1984-03-18,144.0,143.0,144.0,0.0,16.0,5216
1984-03-19,143.0,142.0,144.0,0.0,16.0,5216
1984-03-20,142.0,142.0,142.0,0.0,16.0,5216
1984-03-21,141.0,141.0,141.0,0.0,16.0,5216
1984-03-22,144.0,140.0,148.0,0.0,24.16,5216
1984-03-23,150.0,144.0,156.0,0.1,24.16,5216
1984-03-24,162.0,162.0,162.0,0.1,24.16,5216
1984-03-25,165.0,164.0,165.0,0.2,24.16,5216
1984-03-26,166.0,166.0,166.0,0.1,24.16,5216
1984-03-27,162.0,160.0,164.0,0.0,16.18,5216
1984-03-28,152.0,150.0,153.0,0.0,16.18,5216
1984-03-29,145.0,143.0,146.0,0.0,16.18,5216
1984-03-30,148.0,142.0,153.0,0.0,16.18,5216
1984-03-31,168.0,160.0,176.0,0.2,24.16,5216
1984-04-01,194.0,192.0,195.0,0.1,16.47,5216
1984-04-02,217.0,205.0,229.0,0.1,16.47,5216
1984-04-03,239.0,238.0,239.0,0.3,24.16,5216
1984-04-04,249.0,239.0,270.0,0.4,24.16,5216
1984-04-05,274.0,271.0,284.0,0.4,24.16,5216
1984-04-06,320.0,301.0,352.0,0.7,24.16,5216
1984-04-07,364.0,358.0,371.0,0.8,24.16,5216
1984-04-08,369.0,362.0,371.0,1.9,24.16,5216
1984-04-09,362.0,362.0,363.0,1.9,29.0,5216
1984-04-10,362.0,361.0,362.0,3.8,29.0,5216
1984-04-11,365.0,363.0,367.0,4.7,29.0,5216
1984-04-12,364.0,363.0,365.0,6.2,29.0,5216
1984-04-13,358.0,355.0,360.0,7.2,29.0,5216
1984-04-14,348.0,345.0,350.0,7.6,29.0,5216
1984-04-15,340.0,337.0,343.0,6.6,29.0,5216
1984-04-16,331.0,329.0,332.0,6.3,29.0,5216
1984-04-17,321.0,314.0,327.0,6.2,29.0,5216
1984-04-18,305.0,301.0,309.0,7.1,29.0,5216
1984-04-19,291.0,287.0,295.0,7.4,29.0,5216
1984-04-20,292.0,289.0,294.0,7.6,29.0,5216
1984-04-21,284.0,281.0,287.0,7.7,29.0,5216
1984-04-22,278.0,276.0,279.0,7.8,29.0,5216
1984-04-23,272.0,269.0,274.0,8.7,29.0,5216
1984-04-24,258.0,254.0,261.0,9.9,29.0,5216
1984-04-25,244.0,240.0,247.0,10.2,29.0,5216
1984-04-26,231.0,229.0,233.0,10.2,29.0,5216
1984-04-27,223.0,221.0,224.0,11.1,29.0,5216
1984-04-28,219.0,219.0,219.0,11.5,29.0,5216
1984-04-29,217.0,217.0,217.0,8.7,29.0,5216
1984-04-30,218.0,217.0,219.0,8.9,29.0,5216
1984-05-01,228.0,223.0,233.0,9.0,29.0,5216
1984-05-02,254.0,245.0,259.0,11.4,29.0,5216
1984-05-03,276.0,263.0,286.0,12.8,29.0,5216
1984-05-04,289.0,289.0,291.0,13.8,29.0,5216
1984-05-05,284.0,281.0,287.0,14.9,29.0,5216
1984-05-06,270.0,266.0,273.0,14.0,29.0,5216
1984-05-07,259.0,256.0,261.0,14.0,29.0,5216
1984-05-08,246.0,243.0,249.0,13.5,29.0,5216
1984-05-09,238.0,237.0,239.0,12.6,29.0,5216
1984-05-10,232.0,230.0,233.0,13.0,29.0,5216
1984-05-11,225.0,223.0,227.0,12.2,29.0,5216
1984-05-12,220.0,219.0,220.0,12.8,29.0,5216
1984-05-13,214.0,213.0,215.0,13.4,29.0,5216
1984-05-14,210.0,209.0,210.0,12.6,29.0,5216
1984-05-15,205.0,204.0,206.0,13.4,29.0,5216
1984-05-16,202.0,201.0,203.0,14.4,29.0,5216
1984-05-17,198.0,197.0,199.0,15.0,29.0,5216
1984-05-18,195.0,194.0,195.0,16.2,29.0,5216
1984-05-19,191.0,190.0,191.0,16.9,29.0,5216
1984-05-20,189.0,187.0,190.0,17.9,29.0,5216
1984-05-21,185.0,184.0,185.0,18.3,29.0,5216
1984-05-22,182.0,181.0,182.0,17.2,29.0,5216
1984-05-23,178.0,177.0,179.0,17.0,29.0,5216
1984-05-24,175.0,174.0,176.0,18.0,29.0,5216
1984-05-25,172.0,171.0,172.0,18.8,29.0,5216
1984-05-26,168.0,167.0,169.0,18.6,29.0,5216
1984-05-27,166.0,165.0,166.0,18.0,29.0,5216
1984-05-28,164.0,163.0,164.0,18.8,29.0,5216
1984-05-29,162.0,161.0,163.0,19.4,29.0,5216
1984-05-30,161.0,161.0,161.0,19.5,29.0,5216
1984-05-31,161.0,161.0,161.0,16.3,29.0,5216
1984-06-01,160.0,159.0,160.0,15.5,29.0,5216
1984-06-02,159.0,159.0,159.0,15.7,29.0,5216
1984-06-03,159.0,159.0,159.0,15.6,29.0,5216
1984-06-04,158.0,158.0,158.0,15.7,29.0,5216
1984-06-05,157.0,157.0,157.0,15.4,29.0,5216
1984-06-06,159.0,157.0,161.0,15.5,29.0,5216
1984-06-07,166.0,165.0,167.0,16.4,29.0,5216
1984-06-08,168.0,167.0,169.0,17.8,29.0,5216
1984-06-09,172.0,171.0,173.0,18.3,29.0,5216
1984-06-10,179.0,177.0,180.0,17.8,29.0,5216
1984-06-11,184.0,183.0,184.0,18.3,29.0,5216
1984-06-12,188.0,187.0,188.0,18.7,29.0,5216
1984-06-13,192.0,191.0,193.0,19.9,29.0,5216
1984-06-14,193.0,193.0,193.0,20.6,29.0,5216
1984-06-15,191.0,189.0,193.0,20.6,29.0,5216
1984-06-16,181.0,179.0,183.0,20.7,29.0,5216
1984-06-17,172.0,170.0,174.0,19.0,29.0,5216
1984-06-18,167.0,166.0,168.0,19.1,29.0,5216
1984-06-19,164.0,163.0,164.0,19.5,29.0,5216
1984-06-20,163.0,162.0,163.0,19.6,29.0,5216
1984-06-21,161.0,161.0,161.0,20.2,29.0,5216
1984-06-22,160.0,160.0,160.0,19.6,29.0,5216
1984-06-23,159.0,159.0,159.0,19.2,29.0,5216
1984-06-24,159.0,158.0,159.0,19.0,29.0,5216
1984-06-25,158.0,158.0,158.0,19.9,29.0,5216
1984-06-26,162.0,160.0,163.0,18.5,29.0,5216
1984-06-27,168.0,166.0,169.0,18.5,29.0,5216
1984-06-28,179.0,177.0,181.0,19.0,29.0,5216
1984-06-29,184.0,181.0,187.0,19.1,29.0,5216
1984-06-30,196.0,193.0,198.0,19.9,29.0,5216
1984-07-01,206.0,203.0,209.0,20.0,29.0,5216
1984-07-02,227.0,213.0,235.0,19.6,29.0,5216
1984-07-03,250.0,240.0,260.0,20.4,29.0,5216
1984-07-04,265.0,265.0,267.0,21.2,29.0,5216
1984-07-05,264.0,256.0,267.0,21.8,29.0,5216
1984-07-06,249.0,239.0,254.0,21.0,29.0,5216
1984-07-07,232.0,225.0,233.0,20.8,29.0,5216
1984-07-08,213.0,210.0,215.0,20.8,29.0,5216
1984-07-09,203.0,199.0,207.0,20.6,29.0,5216
1984-07-10,190.0,187.0,193.0,21.1,29.0,5216
1984-07-11,182.0,181.0,183.0,20.8,29.0,5216
1984-07-12,179.0,179.0,179.0,20.3,29.0,5216
1984-07-13,180.0,179.0,181.0,20.0,29.0,5216
1984-07-14,183.0,182.0,183.0,21.0,29.0,5216
1984-07-15,188.0,187.0,188.0,21.8,29.0,5216
1984-07-16,189.0,189.0,189.0,21.1,29.0,5216
1984-07-17,188.0,187.0,189.0,22.1,29.0,5216
1984-07-18,186.0,185.0,186.0,22.7,29.0,5216
1984-07-19,182.0,180.0,183.0,23.5,29.0,5216
1984-07-20,176.0,175.0,177.0,24.4,29.0,5216
1984-07-21,171.0,170.0,172.0,24.9,29.0,5216
1984-07-22,168.0,166.0,169.0,24.3,29.0,5216
1984-07-23,164.0,163.0,165.0,22.3,29.0,5216
1984-07-24,162.0,161.0,163.0,22.9,29.0,5216
1984-07-25,161.0,161.0,161.0,24.1,29.0,5216
1984-07-26,160.0,159.0,160.0,25.4,29.0,5216
1984-07-27,159.0,159.0,159.0,23.8,29.0,5216
1984-07-28,159.0,158.0,159.0,23.2,29.0,5216
1984-07-29,158.0,157.0,158.0,23.6,29.0,5216
1984-07-30,157.0,157.0,157.0,24.9,29.0,5216
1984-07-31,157.0,156.0,157.0,26.3,29.0,5216
1984-08-01,156.0,156.0,156.0,25.5,29.0,5216
1984-08-02,156.0,155.0,156.0,25.6,29.0,5216
1984-08-03,157.0,157.0,157.0,25.8,29.0,5216
1984-08-04,157.0,157.0,157.0,24.8,29.0,5216
1984-08-05,157.0,157.0,157.0,24.9,29.0,5216
1984-08-06,157.0,157.0,157.0,24.8,29.0,5216
1984-08-07,156.0,156.0,156.0,25.7,29.0,5216
1984-08-08,156.0,156.0,156.0,26.6,29.0,5216
1984-08-09,155.0,155.0,155.0,27.4,29.0,5216
1984-08-10,155.0,155.0,155.0,26.5,29.0,5216
1984-08-11,155.0,154.0,155.0,25.1,29.0,5216
1984-08-12,154.0,153.0,154.0,23.2,29.0,5216
1984-08-13,153.0,153.0,153.0,22.8,29.0,5216
1984-08-14,153.0,153.0,153.0,22.2,29.0,5216
1984-08-15,153.0,153.0,153.0,21.7,29.0,5216
1984-08-16,156.0,156.0,156.0,19.6,29.0,5216
1984-08-17,157.0,157.0,157.0,19.8,29.0,5216
1984-08-18,158.0,157.0,158.0,21.3,29.0,5216
1984-08-19,159.0,159.0,159.0,22.8,29.0,5216
1984-08-20,159.0,158.0,159.0,23.4,29.0,5216
1984-08-21,157.0,157.0,157.0,23.8,29.0,5216
1984-08-22,158.0,157.0,159.0,21.1,29.0,5216
1984-08-23,162.0,161.0,163.0,20.2,29.0,5216
1984-08-24,161.0,161.0,161.0,18.6,29.0,5216
1984-08-25,164.0,163.0,164.0,18.1,29.0,5216
1984-08-26,165.0,165.0,165.0,19.0,29.0,5216
1984-08-27,166.0,166.0,166.0,20.9,29.0,5216
1984-08-28,166.0,165.0,166.0,21.0,29.0,5216
1984-08-29,166.0,165.0,166.0,20.8,29.0,5216
1984-08-30,166.0,166.0,166.0,19.7,29.0,5216
1984-08-31,166.0,166.0,166.0,19.5,29.0,5216
1984-09-01,164.0,163.0,165.0,20.9,29.0,5216
1984-09-02,161.0,160.0,162.0,20.7,29.0,5216
1984-09-03,159.0,159.0,159.0,19.0,29.0,5216
1984-09-04,158.0,157.0,159.0,19.0,29.0,5216
1984-09-05,157.0,157.0,157.0,19.3,29.0,5216
1984-09-06,157.0,156.0,157.0,19.5,29.0,5216
1984-09-07,160.0,155.0,165.0,19.7,29.0,5216
1984-09-08,155.0,155.0,155.0,19.0,29.0,5216
1984-09-09,155.0,155.0,155.0,18.8,29.0,5216
1984-09-10,155.0,155.0,155.0,17.7,29.0,5216
1984-09-11,155.0,155.0,155.0,17.6,29.0,5216
1984-09-12,155.0,155.0,155.0,17.2,29.0,5216
1984-09-13,155.0,155.0,155.0,16.4,29.0,5216
1984-09-14,155.0,155.0,155.0,16.8,29.0,5216
1984-09-15,155.0,155.0,155.0,17.6,29.0,5216
1984-09-16,158.0,157.0,158.0,18.3,29.0,5216
1984-09-17,161.0,160.0,161.0,17.7,29.0,5216
1984-09-18,166.0,164.0,167.0,16.3,29.0,5216
1984-09-19,168.0,167.0,169.0,15.3,29.0,5216
1984-09-20,163.0,161.0,165.0,16.0,29.0,5216
1984-09-21,158.0,157.0,159.0,16.0,29.0,5216
1984-09-22,155.0,155.0,155.0,16.3,29.0,5216
1984-09-23,155.0,154.0,155.0,16.1,29.0,5216
1984-09-24,153.0,153.0,153.0,16.7,29.0,5216
1984-09-25,153.0,152.0,153.0,13.2,29.0,5216
1984-09-26,152.0,152.0,152.0,11.3,29.0,5216
1984-09-27,152.0,152.0,152.0,10.4,29.0,5216
1984-09-28,152.0,152.0,152.0,9.5,29.0,5216
1984-09-29,152.0,152.0,152.0,10.3,29.0,5216
1984-09-30,152.0,152.0,152.0,11.6,29.0,5216
1984-10-01,152.0,152.0,152.0,12.5,29.0,5216
1984-10-02,152.0,152.0,152.0,11.9,29.0,5216
1984-10-03,152.0,152.0,152.0,9.9,29.0,5216
1984-10-04,152.0,152.0,152.0,8.3,29.0,5216
1984-10-05,152.0,152.0,152.0,8.4,29.0,5216
1984-10-06,152.0,152.0,152.0,6.8,29.0,5216
1984-10-07,152.0,152.0,152.0,6.4,29.0,5216
1984-10-08,152.0,152.0,152.0,8.7,29.0,5216
1984-10-09,152.0,152.0,152.0,10.7,29.0,5216
1984-10-10,152.0,151.0,152.0,12.1,29.0,5216
1984-10-11,151.0,151.0,151.0,11.9,29.0,5216
1984-10-12,151.0,151.0,151.0,10.9,29.0,5216
1984-10-13,153.0,152.0,153.0,9.0,29.0,5216
1984-10-14,154.0,153.0,154.0,6.3,29.0,5216
1984-10-15,155.0,154.0,155.0,7.4,29.0,5216
1984-10-16,155.0,155.0,155.0,9.3,29.0,5216
1984-10-17,155.0,155.0,155.0,8.2,29.0,5216
1984-10-18,155.0,154.0,155.0,5.1,29.0,5216
1984-10-19,155.0,154.0,155.0,3.6,29.0,5216
1984-10-20,155.0,155.0,155.0,4.0,29.0,5216
1984-10-21,155.0,155.0,155.0,1.3,29.0,5216
1984-10-22,156.0,156.0,156.0,1.7,29.0,5216
1984-10-23,156.0,156.0,156.0,3.2,29.0,5216
1984-10-24,156.0,156.0,156.0,4.5,29.0,5216
1984-10-25,157.0,157.0,157.0,4.6,29.0,5216
1984-10-26,158.0,158.0,158.0,3.8,29.0,5216
1984-10-27,160.0,159.0,160.0,3.3,29.0,5216
1984-10-28,163.0,162.0,164.0,2.5,29.0,5216
1984-10-29,168.0,166.0,169.0,2.5,29.0,5216
1984-10-30,173.0,171.0,175.0,2.2,29.0,5216
1984-10-31,177.0,176.0,177.0,1.6,29.0,5216
1984-11-01,182.0,181.0,182.0,1.7,29.0,5216
1984-11-02,183.0,182.0,183.0,1.4,29.0,5216
1984-11-03,181.0,180.0,181.0,1.3,2.29,5216
1984-11-04,178.0,177.0,179.0,3.2,29.0,5216
1984-11-05,175.0,174.0,175.0,4.2,29.0,5216
1984-11-06,172.0,171.0,172.0,3.4,29.0,5216
1984-11-07,169.0,168.0,169.0,3.0,29.0,5216
1984-11-08,166.0,165.0,166.0,2.0,29.0,5216
1984-11-09,165.0,164.0,165.0,1.4,29.0,5216
1984-11-10,163.0,163.0,163.0,1.3,2.29,5216
1984-11-11,162.0,161.0,162.0,1.3,2.29,5216
1984-11-12,163.0,161.0,165.0,0.3,2.0,5216
1984-11-13,171.0,165.0,177.0,0.2,15.0,5216
1984-11-14,163.0,161.0,165.0,0.1,15.29,5216
1984-11-15,161.0,161.0,161.0,0.1,15.0,5216
1984-11-16,161.0,160.0,161.0,0.0,15.0,5216
1984-11-17,160.0,159.0,160.0,0.0,15.0,5216
1984-11-18,159.0,159.0,159.0,0.0,16.0,5216
1984-11-19,159.0,159.0,159.0,0.0,16.0,5216
1984-11-20,160.0,159.0,160.0,0.0,16.0,5216
1984-11-21,159.0,158.0,159.0,0.0,16.0,5216
1984-11-22,157.0,156.0,157.0,0.0,16.0,5216
1984-11-23,155.0,154.0,155.0,0.0,16.0,5216
1984-11-24,154.0,153.0,154.0,0.0,16.0,5216
1984-11-25,154.0,153.0,154.0,0.0,16.0,5216
1984-11-26,155.0,154.0,156.0,0.0,16.0,5216
1984-11-27,156.0,155.0,157.0,0.0,16.0,5216
1984-11-28,154.0,154.0,154.0,0.0,16.0,5216
1984-11-29,154.0,153.0,154.0,0.0,16.0,5216
1984-11-30,153.0,153.0,153.0,0.0,16.0,5216
1984-12-01,153.0,153.0,153.0,,16.0,5216
1984-12-02,153.0,153.0,153.0,,16.0,5216
1984-12-03,153.0,153.0,153.0,,16.0,5216
1984-12-04,155.0,155.0,155.0,,16.0,5216
1984-12-05,159.0,159.0,159.0,,16.0,5216
1984-12-06,159.0,159.0,159.0,,16.0,5216
1984-12-07,159.0,159.0,159.0,,16.0,5216
1984-12-08,160.0,160.0,160.0,,16.0,5216
1984-12-09,161.0,161.0,161.0,,16.0,5216
1984-12-10,162.0,162.0,162.0,,16.0,5216
1984-12-11,162.0,162.0,162.0,,16.0,5216
1984-12-12,162.0,162.0,162.0,,16.0,5216
1984-12-13,163.0,163.0,163.0,,16.0,5216
1984-12-14,164.0,164.0,164.0,,16.0,5216
1984-12-15,164.0,164.0,164.0,,16.0,5216
1984-12-16,165.0,165.0,165.0,,16.0,5216
1984-12-17,165.0,165.0,165.0,,16.0,5216
1984-12-18,163.0,163.0,163.0,,16.0,5216
1984-12-19,161.0,161.0,161.0,,16.0,5216
1984-12-20,159.0,159.0,159.0,,16.0,5216
1984-12-21,155.0,155.0,155.0,,16.47,5216
1984-12-22,153.0,153.0,153.0,,16.47,5216
1984-12-23,152.0,152.0,152.0,,16.47,5216
1984-12-24,151.0,151.0,151.0,,16.47,5216
1984-12-25,149.0,149.0,149.0,,16.47,5216
1984-12-26,148.0,148.0,148.0,,16.47,5216
1984-12-27,147.0,147.0,147.0,,16.47,5216
1984-12-28,146.0,146.0,146.0,,16.47,5216
1984-12-29,146.0,146.0,146.0,,16.47,5216
1984-12-30,145.0,145.0,145.0,,16.47,5216
1984-12-31,145.0,145.0,145.0,,16.47,5216
1985-01-01,145.0,145.0,145.0,,16.33,5216
1985-01-02,144.0,144.0,144.0,,16.33,5216
1985-01-03,143.0,143.0,143.0,,16.33,5216
1985-01-04,142.0,142.0,142.0,,16.33,5216
1985-01-05,140.0,140.0,140.0,,16.33,5216
1985-01-06,138.0,138.0,138.0,,16.33,5216
1985-01-07,137.0,137.0,137.0,,16.33,5216
1985-01-08,137.0,137.0,137.0,,16.33,5216
1985-01-09,137.0,137.0,137.0,,16.33,5216
1985-01-10,135.0,135.0,135.0,,16.33,5216
1985-01-11,135.0,135.0,135.0,,16.33,5216
1985-01-12,134.0,134.0,134.0,,16.33,5216
1985-01-13,134.0,134.0,134.0,,16.33,5216
1985-01-14,134.0,134.0,134.0,,16.33,5216
1985-01-15,133.0,133.0,133.0,,16.33,5216
1985-01-16,131.0,131.0,131.0,,16.33,5216
1985-01-17,130.0,130.0,130.0,,16.33,5216
1985-01-18,131.0,131.0,131.0,,16.33,5216
1985-01-19,131.0,131.0,131.0,,16.33,5216
1985-01-20,131.0,131.0,131.0,,16.33,5216
1985-01-21,131.0,131.0,131.0,,16.33,5216
1985-01-22,129.0,129.0,129.0,,16.33,5216
1985-01-23,127.0,127.0,127.0,,16.33,5216
1985-01-24,127.0,127.0,127.0,,16.33,5216
1985-01-25,127.0,127.0,127.0,,16.33,5216
1985-01-26,126.0,126.0,126.0,,16.33,5216
1985-01-27,126.0,126.0,126.0,,16.33,5216
1985-01-28,125.0,125.0,125.0,,16.33,5216
1985-01-29,124.0,124.0,124.0,,16.33,5216
1985-01-30,124.0,124.0,124.0,,16.33,5216
1985-01-31,123.0,123.0,123.0,,16.33,5216
1985-02-01,123.0,123.0,123.0,,16.33,5216
1985-02-02,122.0,122.0,122.0,,16.33,5216
1985-02-03,122.0,122.0,122.0,,16.33,5216
1985-02-04,121.0,121.0,121.0,,16.33,5216
1985-02-05,119.0,119.0,119.0,,16.33,5216
1985-02-06,118.0,118.0,118.0,,16.33,5216
1985-02-07,117.0,117.0,117.0,,16.33,5216
1985-02-08,116.0,116.0,116.0,,16.33,5216
1985-02-09,115.0,115.0,115.0,,16.33,5216
1985-02-10,116.0,116.0,116.0,,16.33,5216
1985-02-11,117.0,117.0,117.0,,16.33,5216
1985-02-12,117.0,117.0,117.0,,16.33,5216
1985-02-13,117.0,117.0,117.0,,16.33,5216
1985-02-14,117.0,117.0,117.0,,16.33,5216
1985-02-15,117.0,117.0,117.0,,16.33,5216
1985-02-16,117.0,117.0,117.0,,16.33,5216
1985-02-17,116.0,116.0,116.0,,16.33,5216
1985-02-18,116.0,116.0,116.0,,16.33,5216
1985-02-19,116.0,116.0,116.0,,16.33,5216
1985-02-20,116.0,116.0,116.0,,16.33,5216
1985-02-21,115.0,115.0,115.0,,16.33,5216
1985-02-22,115.0,115.0,115.0,,16.33,5216
1985-02-23,114.0,114.0,114.0,,16.33,5216
1985-02-24,114.0,114.0,114.0,,16.33,5216
1985-02-25,114.0,114.0,114.0,,16.33,5216
1985-02-26,113.0,113.0,113.0,,16.33,5216
1985-02-27,113.0,113.0,113.0,,16.33,5216
1985-02-28,112.0,112.0,112.0,,16.33,5216
1985-03-01,112.0,112.0,112.0,,16.33,5216
1985-03-02,112.0,112.0,112.0,,16.33,5216
1985-03-03,112.0,112.0,112.0,,16.33,5216
1985-03-04,112.0,112.0,112.0,,16.33,5216
1985-03-05,111.0,111.0,111.0,,16.33,5216
1985-03-06,111.0,111.0,111.0,,16.33,5216
1985-03-07,111.0,111.0,111.0,,16.33,5216
1985-03-08,111.0,111.0,111.0,,16.33,5216
1985-03-09,110.0,110.0,110.0,,16.33,5216
1985-03-10,110.0,109.0,110.0,,16.33,5216
1985-03-11,109.0,109.0,109.0,,16.33,5216
1985-03-12,108.0,108.0,108.0,,16.33,5216
1985-03-13,109.0,109.0,109.0,,16.33,5216
1985-03-14,109.0,109.0,109.0,,16.33,5216
1985-03-15,110.0,109.0,111.0,,16.33,5216
1985-03-16,115.0,111.0,119.0,,16.33,5216
1985-03-17,133.0,121.0,145.0,,16.33,5216
1985-03-18,155.0,151.0,159.0,0.2,16.33,5216
1985-03-19,162.0,159.0,165.0,0.3,16.33,5216
1985-03-20,179.0,165.0,192.0,0.3,16.33,5216
1985-03-21,205.0,201.0,209.0,0.3,16.33,5216
1985-03-22,211.0,207.0,214.0,0.3,24.16,5216
1985-03-23,229.0,220.0,238.0,0.4,24.16,5216
1985-03-24,259.0,245.0,272.0,0.6,,5216
1985-03-25,305.0,293.0,317.0,1.0,25.0,5216
1985-03-26,325.0,319.0,330.0,0.5,26.0,5216
1985-03-27,314.0,313.0,315.0,0.5,2.0,5216
1985-03-28,314.0,312.0,315.0,0.5,29.0,5216
1985-03-29,306.0,305.0,307.0,0.5,29.0,5216
1985-03-30,300.0,297.0,303.0,0.5,29.0,5216
1985-03-31,299.0,292.0,305.0,1.3,29.0,5216
1985-04-01,292.0,287.0,297.0,2.5,29.0,5216
1985-04-02,275.0,273.0,277.0,3.5,29.0,5216
1985-04-03,285.0,281.0,289.0,5.1,29.0,5216
1985-04-04,297.0,294.0,300.0,4.0,29.0,5216
1985-04-05,316.0,296.0,334.0,4.1,29.0,5216
1985-04-06,320.0,315.0,321.0,4.1,29.0,5216
1985-04-07,306.0,300.0,315.0,5.2,29.0,5216
1985-04-08,304.0,300.0,307.0,7.1,29.0,5216
1985-04-09,291.0,285.0,293.0,7.7,29.0,5216
1985-04-10,278.0,274.0,283.0,8.2,29.0,5216
1985-04-11,272.0,269.0,272.0,7.1,29.0,5216
1985-04-12,261.0,256.0,265.0,7.2,29.0,5216
1985-04-13,247.0,243.0,251.0,7.7,29.0,5216
1985-04-14,231.0,227.0,235.0,8.6,29.0,5216
1985-04-15,217.0,214.0,219.0,8.6,29.0,5216
1985-04-16,206.0,203.0,208.0,8.7,29.0,5216
1985-04-17,197.0,195.0,199.0,8.9,29.0,5216
1985-04-18,190.0,189.0,191.0,8.8,29.0,5216
1985-04-19,184.0,183.0,185.0,8.4,29.0,5216
1985-04-20,182.0,181.0,183.0,9.0,29.0,5216
1985-04-21,179.0,178.0,179.0,10.4,29.0,5216
1985-04-22,177.0,177.0,177.0,9.3,29.0,5216
1985-04-23,177.0,177.0,177.0,9.7,29.0,5216
1985-04-24,176.0,176.0,176.0,10.5,29.0,5216
1985-04-25,176.0,176.0,176.0,10.5,29.0,5216
1985-04-26,176.0,176.0,176.0,10.4,29.0,5216
1985-04-27,176.0,176.0,176.0,9.4,29.0,5216
1985-04-28,175.0,175.0,175.0,10.7,29.0,5216
1985-04-29,175.0,175.0,175.0,11.3,29.0,5216
1985-04-30,175.0,175.0,175.0,9.6,29.0,5216
1985-05-01,176.0,176.0,176.0,10.6,29.0,5216
1985-05-02,177.0,176.0,178.0,10.4,29.0,5216
1985-05-03,179.0,178.0,179.0,11.1,29.0,5216
1985-05-04,180.0,179.0,181.0,10.5,29.0,5216
1985-05-05,183.0,183.0,183.0,10.3,29.0,5216
1985-05-06,190.0,188.0,191.0,12.1,29.0,5216
1985-05-07,196.0,194.0,197.0,12.45,29.0,5216
1985-05-08,199.0,198.0,199.0,12.4,29.0,5216
1985-05-09,201.0,200.0,201.0,13.0,29.0,5216
1985-05-10,198.0,197.0,199.0,13.9,29.0,5216
1985-05-11,193.0,191.0,195.0,15.5,29.0,5216
1985-05-12,187.0,185.0,188.0,15.3,29.0,5216
1985-05-13,182.0,180.0,183.0,14.95,29.0,5216
1985-05-14,176.0,175.0,177.0,15.3,29.0,5216
1985-05-15,173.0,172.0,173.0,16.5,29.0,5216
1985-05-16,171.0,170.0,171.0,16.95,29.0,5216
1985-05-17,169.0,169.0,169.0,16.75,29.0,5216
1985-05-18,169.0,169.0,169.0,16.5,29.0,5216
1985-05-19,169.0,169.0,169.0,16.6,29.0,5216
1985-05-20,169.0,169.0,169.0,15.2,29.0,5216
1985-05-21,169.0,168.0,169.0,15.95,29.0,5216
1985-05-22,167.0,167.0,167.0,17.2,29.0,5216
1985-05-23,165.0,165.0,165.0,17.7,29.0,5216
1985-05-24,163.0,162.0,163.0,17.5,29.0,5216
1985-05-25,162.0,161.0,162.0,15.75,29.0,5216
1985-05-26,160.0,160.0,160.0,14.0,29.0,5216
1985-05-27,161.0,160.0,161.0,14.8,29.0,5216
1985-05-28,159.0,159.0,159.0,15.45,29.0,5216
1985-05-29,159.0,159.0,159.0,14.9,29.0,5216
1985-05-30,158.0,158.0,158.0,13.5,29.0,5216
1985-05-31,157.0,157.0,157.0,13.75,29.0,5216
1985-06-01,157.0,157.0,157.0,15.7,29.0,5216
1985-06-02,157.0,157.0,157.0,17.1,29.0,5216
1985-06-03,156.0,156.0,156.0,18.5,29.0,5216
1985-06-04,156.0,155.0,156.0,19.9,29.0,5216
1985-06-05,155.0,155.0,155.0,21.6,29.0,5216
1985-06-06,155.0,155.0,155.0,22.4,29.0,5216
1985-06-07,155.0,155.0,155.0,19.5,29.0,5216
1985-06-08,155.0,155.0,155.0,16.7,29.0,5216
1985-06-09,156.0,155.0,156.0,16.1,29.0,5216
1985-06-10,156.0,155.0,156.0,15.4,29.0,5216
1985-06-11,157.0,156.0,157.0,15.1,29.0,5216
1985-06-12,157.0,156.0,157.0,15.8,29.0,5216
1985-06-13,157.0,156.0,157.0,15.0,29.0,5216
1985-06-14,156.0,156.0,156.0,15.6,29.0,5216
1985-06-15,156.0,155.0,156.0,16.2,29.0,5216
1985-06-16,156.0,155.0,156.0,18.3,29.0,5216
1985-06-17,155.0,155.0,155.0,19.0,29.0,5216
1985-06-18,154.0,154.0,154.0,18.7,29.0,5216
1985-06-19,153.0,153.0,153.0,20.3,29.0,5216
1985-06-20,153.0,153.0,153.0,20.1,29.0,5216
1985-06-21,153.0,153.0,153.0,19.4,29.0,5216
1985-06-22,153.0,153.0,153.0,18.6,29.0,5216
1985-06-23,153.0,153.0,153.0,20.2,29.0,5216
1985-06-24,153.0,153.0,153.0,20.6,29.0,5216
1985-06-25,153.0,153.0,153.0,19.5,29.0,5216
1985-06-26,154.0,154.0,154.0,20.2,29.0,5216
1985-06-27,153.0,153.0,153.0,19.9,29.0,5216
1985-06-28,153.0,153.0,153.0,19.2,29.0,5216
1985-06-29,153.0,153.0,153.0,18.2,29.0,5216
1985-06-30,154.0,153.0,154.0,19.0,29.0,5216
1985-07-01,153.0,153.0,153.0,20.1,29.0,5216
1985-07-02,153.0,153.0,153.0,22.15,29.0,5216
1985-07-03,153.0,153.0,153.0,23.3,29.0,5216
1985-07-04,152.0,152.0,152.0,23.9,29.0,5216
1985-07-05,152.0,151.0,152.0,23.0,29.0,5216
1985-07-06,151.0,151.0,151.0,21.9,29.0,5216
1985-07-07,151.0,151.0,151.0,23.5,29.0,5216
1985-07-08,151.0,151.0,151.0,22.6,29.0,5216
1985-07-09,151.0,151.0,151.0,20.05,29.0,5216
1985-07-10,152.0,151.0,152.0,18.7,29.0,5216
1985-07-11,154.0,153.0,155.0,20.2,29.0,5216
1985-07-12,155.0,155.0,155.0,22.75,29.0,5216
1985-07-13,154.0,153.0,154.0,23.0,29.0,5216
1985-07-14,153.0,152.0,153.0,23.1,29.0,5216
1985-07-15,152.0,152.0,152.0,23.15,29.0,5216
1985-07-16,152.0,152.0,152.0,22.85,29.0,5216
1985-07-17,153.0,152.0,153.0,20.75,29.0,5216
1985-07-18,154.0,154.0,154.0,20.2,29.0,5216
1985-07-19,155.0,155.0,155.0,20.25,29.0,5216
1985-07-20,156.0,156.0,156.0,20.6,29.0,5216
1985-07-21,162.0,159.0,165.0,21.75,29.0,5216
1985-07-22,161.0,161.0,161.0,23.1,29.0,5216
1985-07-23,162.0,161.0,162.0,21.5,29.0,5216
1985-07-24,164.0,163.0,165.0,22.5,29.0,5216
1985-07-25,171.0,169.0,173.0,24.8,29.0,5216
1985-07-26,176.0,175.0,176.0,25.6,29.0,5216
1985-07-27,176.0,175.0,177.0,25.1,29.0,5216
1985-07-28,174.0,174.0,174.0,26.05,29.0,5216
1985-07-29,168.0,167.0,169.0,26.2,29.0,5216
1985-07-30,163.0,161.0,164.0,24.75,29.0,5216
1985-07-31,159.0,159.0,159.0,22.5,29.0,5216
1985-08-01,160.0,159.0,160.0,22.5,29.0,5216
1985-08-02,160.0,159.0,160.0,22.6,29.0,5216
1985-08-03,159.0,158.0,159.0,23.5,29.0,5216
1985-08-04,159.0,158.0,160.0,23.3,29.0,5216
1985-08-05,162.0,161.0,163.0,22.4,29.0,5216
1985-08-06,164.0,163.0,164.0,22.3,29.0,5216
1985-08-07,166.0,165.0,166.0,22.7,29.0,5216
1985-08-08,168.0,167.0,169.0,24.05,29.0,5216
1985-08-09,169.0,169.0,169.0,23.4,29.0,5216
1985-08-10,169.0,169.0,169.0,22.7,29.0,5216
1985-08-11,166.0,165.0,166.0,22.6,29.0,5216
1985-08-12,163.0,163.0,163.0,23.15,29.0,5216
1985-08-13,161.0,160.0,162.0,22.25,29.0,5216
1985-08-14,159.0,159.0,159.0,23.95,29.0,5216
1985-08-15,157.0,156.0,158.0,24.0,29.0,5216
1985-08-16,156.0,156.0,156.0,24.0,29.0,5216
1985-08-17,155.0,155.0,155.0,24.0,29.0,5216
1985-08-18,155.0,155.0,155.0,24.0,29.0,5216
1985-08-19,155.0,155.0,155.0,24.0,29.0,5216
1985-08-20,155.0,155.0,155.0,24.0,29.0,5216
1985-08-21,154.0,154.0,154.0,24.0,29.0,5216
1985-08-22,155.0,155.0,155.0,24.0,29.0,5216
1985-08-23,154.0,154.0,154.0,24.0,29.0,5216
1985-08-24,154.0,154.0,154.0,24.0,29.0,5216
1985-08-25,154.0,153.0,154.0,24.0,29.0,5216
1985-08-26,155.0,155.0,155.0,24.0,29.0,5216
1985-08-27,155.0,155.0,155.0,24.0,29.0,5216
1985-08-28,155.0,155.0,155.0,24.0,29.0,5216
1985-08-29,155.0,155.0,155.0,24.0,29.0,5216
1985-08-30,154.0,154.0,154.0,24.0,29.0,5216
1985-08-31,153.0,153.0,153.0,24.0,29.0,5216
1985-09-01,154.0,154.0,154.0,,29.0,5216
1985-09-02,153.0,153.0,153.0,,29.0,5216
1985-09-03,153.0,153.0,153.0,,29.0,5216
1985-09-04,153.0,153.0,153.0,,29.0,5216
1985-09-05,157.0,156.0,157.0,,29.0,5216
1985-09-06,159.0,157.0,161.0,,29.0,5216
1985-09-07,158.0,157.0,159.0,,29.0,5216
1985-09-08,156.0,155.0,157.0,,29.0,5216
1985-09-09,155.0,154.0,155.0,,29.0,5216
1985-09-10,153.0,153.0,153.0,,29.0,5216
1985-09-11,153.0,153.0,153.0,,29.0,5216
1985-09-12,153.0,152.0,153.0,,29.0,5216
1985-09-13,153.0,152.0,153.0,,29.0,5216
1985-09-14,153.0,153.0,153.0,,29.0,5216
1985-09-15,153.0,153.0,153.0,,29.0,5216
1985-09-16,152.0,152.0,152.0,,29.0,5216
1985-09-17,152.0,152.0,152.0,,29.0,5216
1985-09-18,153.0,152.0,153.0,,29.0,5216
1985-09-19,151.0,151.0,151.0,,29.0,5216
1985-09-20,151.0,151.0,151.0,,29.0,5216
1985-09-21,151.0,151.0,151.0,,29.0,5216
1985-09-22,151.0,151.0,151.0,,29.0,5216
1985-09-23,151.0,151.0,151.0,,29.0,5216
1985-09-24,151.0,151.0,151.0,,29.0,5216
1985-09-25,150.0,150.0,150.0,,29.0,5216
1985-09-26,150.0,150.0,150.0,,29.0,5216
1985-09-27,150.0,150.0,150.0,,29.0,5216
1985-09-28,150.0,150.0,150.0,,29.0,5216
1985-09-29,150.0,150.0,150.0,,29.0,5216
1985-09-30,153.0,152.0,154.0,,29.0,5216
1985-10-01,153.0,153.0,153.0,11.6,29.0,5216
1985-10-02,152.0,152.0,152.0,10.4,29.0,5216
1985-10-03,153.0,153.0,153.0,11.5,29.0,5216
1985-10-04,153.0,153.0,153.0,11.0,29.0,5216
1985-10-05,153.0,153.0,153.0,10.5,29.0,5216
1985-10-06,155.0,154.0,155.0,10.8,29.0,5216
1985-10-07,154.0,154.0,154.0,10.8,29.0,5216
1985-10-08,155.0,154.0,155.0,10.8,29.0,5216
1985-10-09,155.0,155.0,155.0,10.9,29.0,5216
1985-10-10,155.0,155.0,155.0,11.5,29.0,5216
1985-10-11,156.0,155.0,156.0,12.8,29.0,5216
1985-10-12,155.0,155.0,155.0,13.3,29.0,5216
1985-10-13,155.0,155.0,155.0,12.5,29.0,5216
1985-10-14,154.0,154.0,154.0,9.0,29.0,5216
1985-10-15,154.0,153.0,154.0,9.9,29.0,5216
1985-10-16,153.0,153.0,153.0,8.8,29.0,5216
1985-10-17,153.0,153.0,153.0,7.5,29.0,5216
1985-10-18,153.0,153.0,153.0,4.8,29.0,5216
1985-10-19,153.0,153.0,153.0,3.0,29.0,5216
1985-10-20,153.0,153.0,153.0,2.8,29.0,5216
1985-10-21,152.0,152.0,152.0,3.1,29.0,5216
1985-10-22,152.0,152.0,152.0,4.0,29.0,5216
1985-10-23,153.0,153.0,153.0,2.8,29.0,5216
1985-10-24,153.0,153.0,153.0,2.8,29.0,5216
1985-10-25,153.0,153.0,153.0,2.3,29.0,5216
1985-10-26,153.0,153.0,153.0,2.3,29.0,5216
1985-10-27,153.0,153.0,153.0,2.5,29.0,5216
1985-10-28,153.0,153.0,153.0,4.3,29.0,5216
1985-10-29,153.0,153.0,153.0,6.0,29.0,5216
1985-10-30,153.0,153.0,153.0,5.8,29.0,5216
1985-10-31,153.0,152.0,153.0,3.8,29.0,5216
1985-11-01,152.0,152.0,152.0,1.35,29.0,5216
1985-11-02,152.0,152.0,152.0,0.6,2.0,5216
1985-11-03,152.0,152.0,152.0,0.45,2.0,5216
1985-11-04,153.0,153.0,153.0,2.0,29.0,5216
1985-11-05,153.0,153.0,153.0,1.85,29.0,5216
1985-11-06,153.0,153.0,153.0,1.55,2.0,5216
1985-11-07,153.0,153.0,153.0,2.55,2.0,5216
1985-11-08,153.0,153.0,153.0,2.0,2.0,5216
1985-11-09,153.0,153.0,153.0,2.3,2.29,5216
1985-11-10,153.0,153.0,153.0,1.8,29.0,5216
1985-11-11,153.0,153.0,153.0,1.8,29.0,5216
1985-11-12,153.0,153.0,153.0,0.6,2.29,5216
1985-11-13,155.0,155.0,155.0,0.2,15.0,5216
1985-11-14,155.0,155.0,155.0,0.25,15.0,5216
1985-11-15,154.0,154.0,154.0,0.35,15.0,5216
1985-11-16,154.0,154.0,154.0,0.25,15.0,5216
1985-11-17,154.0,154.0,154.0,0.25,15.0,5216
1985-11-18,153.0,153.0,153.0,0.2,15.0,5216
1985-11-19,154.0,154.0,154.0,0.2,15.0,5216
1985-11-20,154.0,154.0,154.0,0.2,15.0,5216
1985-11-21,153.0,153.0,153.0,0.4,15.0,5216
1985-11-22,153.0,153.0,153.0,0.3,15.0,5216
1985-11-23,153.0,153.0,153.0,0.0,15.0,5216
1985-11-24,153.0,153.0,153.0,0.0,15.0,5216
1985-11-25,154.0,153.0,154.0,0.0,16.15,5216
1985-11-26,155.0,155.0,155.0,0.0,16.0,5216
1985-11-27,154.0,153.0,154.0,0.0,16.0,5216
1985-11-28,153.0,153.0,153.0,0.0,16.0,5216
1985-11-29,153.0,153.0,153.0,0.0,16.0,5216
1985-11-30,154.0,153.0,155.0,0.0,16.0,5216
1985-12-01,156.0,156.0,156.0,,16.0,5216
1985-12-02,156.0,156.0,156.0,,16.0,5216
1985-12-03,156.0,156.0,156.0,,16.0,5216
1985-12-04,155.0,155.0,155.0,,16.0,5216
1985-12-05,155.0,155.0,155.0,,16.0,5216
1985-12-06,154.0,154.0,154.0,,16.0,5216
1985-12-07,153.0,153.0,153.0,,16.0,5216
1985-12-08,151.0,151.0,151.0,,16.0,5216
1985-12-09,149.0,149.0,149.0,,33.0,5216
1985-12-10,146.0,146.0,146.0,,33.0,5216
1985-12-11,145.0,145.0,145.0,,33.0,5216
1985-12-12,144.0,144.0,144.0,,33.0,5216
1985-12-13,143.0,143.0,143.0,,33.0,5216
1985-12-14,142.0,142.0,142.0,,33.0,5216
1985-12-15,141.0,141.0,141.0,,33.0,5216
1985-12-16,140.0,140.0,140.0,,33.0,5216
1985-12-17,138.0,138.0,138.0,,33.0,5216
1985-12-18,137.0,137.0,137.0,,33.0,5216
1985-12-19,137.0,137.0,137.0,,33.0,5216
1985-12-20,135.0,135.0,135.0,,33.0,5216
1985-12-21,133.0,133.0,133.0,,33.0,5216
1985-12-22,131.0,131.0,131.0,,33.0,5216
1985-12-23,131.0,131.0,131.0,,33.0,5216
1985-12-24,131.0,131.0,131.0,,33.0,5216
1985-12-25,130.0,130.0,130.0,,33.0,5216
1985-12-26,129.0,129.0,129.0,,33.0,5216
1985-12-27,128.0,128.0,128.0,,33.0,5216
1985-12-28,127.0,127.0,127.0,,33.0,5216
1985-12-29,126.0,126.0,126.0,,33.0,5216
1985-12-30,135.0,135.0,135.0,,33.0,5216
1985-12-31,125.0,125.0,125.0,,33.0,5216
1986-01-01,124.0,124.0,124.0,,16.33,5216
1986-01-02,124.0,124.0,124.0,,16.33,5216
1986-01-03,123.0,123.0,123.0,,16.33,5216
1986-01-04,122.0,122.0,122.0,,16.33,5216
1986-01-05,121.0,121.0,121.0,,16.33,5216
1986-01-06,120.0,120.0,120.0,,16.33,5216
1986-01-07,119.0,119.0,119.0,,16.33,5216
1986-01-08,119.0,119.0,119.0,,16.33,5216
1986-01-09,118.0,118.0,118.0,,16.33,5216
1986-01-10,117.0,117.0,117.0,,16.33,5216
1986-01-11,116.0,116.0,116.0,,16.33,5216
1986-01-12,115.0,115.0,115.0,,16.33,5216
1986-01-13,115.0,115.0,115.0,,16.33,5216
1986-01-14,114.0,114.0,114.0,,16.33,5216
1986-01-15,113.0,113.0,113.0,,16.33,5216
1986-01-16,112.0,112.0,112.0,,16.33,5216
1986-01-17,111.0,111.0,111.0,,16.33,5216
1986-01-18,111.0,111.0,111.0,,16.33,5216
1986-01-19,111.0,111.0,111.0,,16.33,5216
1986-01-20,111.0,111.0,111.0,,16.33,5216
1986-01-21,111.0,111.0,111.0,,16.33,5216
1986-01-22,110.0,110.0,110.0,,16.33,5216
1986-01-23,109.0,109.0,109.0,,16.33,5216
1986-01-24,108.0,108.0,108.0,,16.33,5216
1986-01-25,107.0,107.0,107.0,,16.33,5216
1986-01-26,105.0,105.0,105.0,,16.33,5216
1986-01-27,104.0,104.0,104.0,,16.33,5216
1986-01-28,103.0,103.0,103.0,,16.33,5216
1986-01-29,101.0,101.0,101.0,,16.33,5216
1986-01-30,101.0,101.0,101.0,,16.33,5216
1986-01-31,101.0,101.0,101.0,,16.33,5216
1986-02-01,101.0,101.0,101.0,,16.33,5216
1986-02-02,101.0,101.0,101.0,,16.33,5216
1986-02-03,101.0,101.0,101.0,,16.33,5216
1986-02-04,101.0,101.0,101.0,,16.33,5216
1986-02-05,101.0,101.0,101.0,,16.33,5216
1986-02-06,101.0,101.0,101.0,,16.33,5216
1986-02-07,100.0,100.0,100.0,,16.33,5216
1986-02-08,100.0,100.0,100.0,,16.33,5216
1986-02-09,99.0,99.0,99.0,,16.33,5216
1986-02-10,101.0,101.0,101.0,,16.33,5216
1986-02-11,101.0,101.0,101.0,,16.33,5216
1986-02-12,100.0,100.0,100.0,,16.33,5216
1986-02-13,97.0,97.0,97.0,,16.33,5216
1986-02-14,95.0,95.0,95.0,,16.33,5216
1986-02-15,95.0,95.0,95.0,,16.33,5216
1986-02-16,96.0,96.0,96.0,,16.33,5216
1986-02-17,97.0,97.0,97.0,,16.33,5216
1986-02-18,99.0,99.0,99.0,,16.33,5216
1986-02-19,89.0,89.0,89.0,,16.33,5216
1986-02-20,93.0,93.0,93.0,,16.33,5216
1986-02-21,93.0,93.0,93.0,,16.33,5216
1986-02-22,91.0,91.0,91.0,,16.33,5216
1986-02-23,89.0,89.0,89.0,,16.33,5216
1986-02-24,88.0,88.0,88.0,,16.33,5216
1986-02-25,88.0,88.0,88.0,,16.33,5216
1986-02-26,87.0,87.0,87.0,,16.33,5216
1986-02-27,87.0,87.0,87.0,,16.33,5216
1986-02-28,87.0,87.0,87.0,,16.33,5216
1986-03-01,90.0,87.0,92.0,,33.0,5216
1986-03-02,96.0,95.0,97.0,,33.0,5216
1986-03-03,98.0,98.0,98.0,,33.0,5216
1986-03-04,96.0,95.0,97.0,,33.0,5216
1986-03-05,94.0,93.0,95.0,,33.0,5216
1986-03-06,95.0,94.0,95.0,,33.0,5216
1986-03-07,95.0,93.0,97.0,,33.0,5216
1986-03-08,99.0,98.0,99.0,,33.0,5216
1986-03-09,96.0,95.0,97.0,,33.0,5216
1986-03-10,92.0,91.0,93.0,,33.0,5216
1986-03-11,89.0,89.0,89.0,,33.0,5216
1986-03-12,86.0,85.0,87.0,,33.0,5216
1986-03-13,85.0,83.0,87.0,,33.0,5216
1986-03-14,92.0,89.0,95.0,,33.0,5216
1986-03-15,92.0,91.0,93.0,,33.0,5216
1986-03-16,90.0,90.0,90.0,,33.0,5216
1986-03-17,92.0,90.0,93.0,,33.0,5216
1986-03-18,97.0,95.0,98.0,0.0,33.0,5216
1986-03-19,102.0,101.0,103.0,0.0,16.33,5216
1986-03-20,104.0,104.0,104.0,0.0,16.0,5216
1986-03-21,106.0,103.0,109.0,0.1,16.0,5216
1986-03-22,114.0,113.0,115.0,0.1,16.0,5216
1986-03-23,119.0,117.0,121.0,0.15,16.0,5216
1986-03-24,126.0,125.0,126.0,0.15,16.0,5216
1986-03-25,128.0,127.0,129.0,0.15,16.0,5216
1986-03-26,131.0,129.0,132.0,0.1,16.0,5216
1986-03-27,133.0,133.0,133.0,0.15,16.0,5216
1986-03-28,133.0,133.0,133.0,0.0,16.0,5216
1986-03-29,148.0,132.0,163.0,0.1,24.16,5216
1986-03-30,187.0,185.0,189.0,0.5,24.0,5216
1986-03-31,185.0,183.0,187.0,0.6,24.0,5216
1986-04-01,185.0,183.0,186.0,1.0,25.16,5216
1986-04-02,180.0,179.0,181.0,0.8,16.0,5216
1986-04-03,177.0,175.0,179.0,0.4,16.0,5216
1986-04-04,182.0,176.0,187.0,0.6,16.0,5216
1986-04-05,180.0,179.0,180.0,1.2,16.0,5216
1986-04-06,182.0,179.0,185.0,0.5,16.0,5216
1986-04-07,179.0,179.0,179.0,0.9,16.0,5216
1986-04-08,189.0,175.0,203.0,1.6,16.0,5216
1986-04-09,175.0,175.0,175.0,2.8,16.0,5216
1986-04-10,175.0,175.0,175.0,4.0,25.0,5216
1986-04-11,173.0,173.0,173.0,2.8,29.25,5216
1986-04-12,174.0,173.0,174.0,3.6,29.0,5216
1986-04-13,175.0,174.0,175.0,4.7,29.0,5216
1986-04-14,173.0,173.0,173.0,6.1,29.0,5216
1986-04-15,172.0,170.0,173.0,5.5,29.0,5216
1986-04-16,169.0,169.0,169.0,3.6,29.0,5216
1986-04-17,169.0,169.0,169.0,4.0,29.0,5216
1986-04-18,169.0,169.0,169.0,6.0,29.0,5216
1986-04-19,169.0,169.0,169.0,7.3,29.0,5216
1986-04-20,169.0,169.0,169.0,7.8,29.0,5216
1986-04-21,168.0,167.0,168.0,7.3,29.0,5216
1986-04-22,168.0,167.0,169.0,6.5,29.0,5216
1986-04-23,167.0,167.0,167.0,6.3,29.0,5216
1986-04-24,167.0,167.0,167.0,6.4,29.0,5216
1986-04-25,166.0,166.0,166.0,6.5,29.0,5216
1986-04-26,165.0,165.0,165.0,9.0,29.0,5216
1986-04-27,165.0,165.0,165.0,8.5,29.0,5216
1986-04-28,165.0,165.0,165.0,9.8,29.0,5216
1986-04-29,165.0,165.0,165.0,7.0,29.0,5216
1986-04-30,165.0,165.0,165.0,12.2,29.0,5216
1986-05-01,166.0,165.0,167.0,13.0,29.0,5216
1986-05-02,165.0,165.0,165.0,12.75,29.0,5216
1986-05-03,165.0,165.0,165.0,14.5,29.0,5216
1986-05-04,164.0,164.0,164.0,15.0,29.0,5216
1986-05-05,163.0,163.0,163.0,15.75,29.0,5216
1986-05-06,163.0,163.0,163.0,14.5,29.0,5216
1986-05-07,162.0,162.0,162.0,14.25,29.0,5216
1986-05-08,161.0,161.0,161.0,11.0,29.0,5216
1986-05-09,162.0,161.0,162.0,9.5,29.0,5216
1986-05-10,160.0,160.0,160.0,9.35,29.0,5216
1986-05-11,159.0,159.0,159.0,12.15,29.0,5216
1986-05-12,158.0,158.0,158.0,13.0,29.0,5216
1986-05-13,158.0,157.0,158.0,12.0,29.0,5216
1986-05-14,158.0,157.0,159.0,10.5,29.0,5216
1986-05-15,159.0,159.0,159.0,9.5,29.0,5216
1986-05-16,161.0,161.0,161.0,11.5,29.0,5216
1986-05-17,163.0,161.0,165.0,13.0,29.0,5216
1986-05-18,168.0,167.0,169.0,13.3,29.0,5216
1986-05-19,177.0,175.0,178.0,14.1,29.0,5216
1986-05-20,185.0,182.0,187.0,13.0,29.0,5216
1986-05-21,195.0,193.0,197.0,14.5,29.0,5216
1986-05-22,209.0,203.0,215.0,15.0,29.0,5216
1986-05-23,222.0,221.0,223.0,14.6,29.0,5216
1986-05-24,225.0,225.0,225.0,14.85,29.0,5216
1986-05-25,222.0,218.0,225.0,15.5,29.0,5216
1986-05-26,204.0,203.0,205.0,16.0,29.0,5216
1986-05-27,197.0,196.0,197.0,16.75,29.0,5216
1986-05-28,195.0,194.0,195.0,16.65,29.0,5216
1986-05-29,192.0,191.0,193.0,17.25,29.0,5216
1986-05-30,191.0,190.0,191.0,17.25,29.0,5216
1986-05-31,189.0,189.0,189.0,17.25,29.0,5216
1986-06-01,187.0,186.0,187.0,17.8,29.0,5216
1986-06-02,182.0,181.0,183.0,17.3,29.0,5216
1986-06-03,176.0,175.0,177.0,18.0,29.0,5216
1986-06-04,172.0,170.0,173.0,17.3,29.0,5216
1986-06-05,167.0,166.0,168.0,19.1,29.0,5216
1986-06-06,164.0,163.0,165.0,20.6,29.0,5216
1986-06-07,163.0,162.0,163.0,21.3,29.0,5216
1986-06-08,161.0,160.0,161.0,19.5,29.0,5216
1986-06-09,160.0,159.0,160.0,18.2,29.0,5216
1986-06-10,159.0,159.0,159.0,19.5,29.0,5216
1986-06-11,159.0,159.0,159.0,19.9,29.0,5216
1986-06-12,158.0,158.0,158.0,21.4,29.0,5216
1986-06-13,157.0,157.0,157.0,21.0,29.0,5216
1986-06-14,157.0,157.0,157.0,20.9,29.0,5216
1986-06-15,156.0,155.0,156.0,21.4,29.0,5216
1986-06-16,156.0,155.0,156.0,19.5,29.0,5216
1986-06-17,158.0,157.0,158.0,16.3,29.0,5216
1986-06-18,165.0,163.0,167.0,15.0,29.0,5216
1986-06-19,179.0,169.0,190.0,15.8,29.0,5216
1986-06-20,209.0,199.0,218.0,14.8,29.0,5216
1986-06-21,245.0,238.0,252.0,13.4,29.0,5216
1986-06-22,263.0,255.0,275.0,14.0,29.0,5216
1986-06-23,307.0,290.0,323.0,16.3,29.0,5216
1986-06-24,332.0,328.0,333.0,17.0,29.0,5216
1986-06-25,327.0,325.0,329.0,18.0,29.0,5216
1986-06-26,317.0,315.0,319.0,17.8,29.0,5216
1986-06-27,306.0,303.0,309.0,17.0,29.0,5216
1986-06-28,293.0,291.0,295.0,17.5,29.0,5216
1986-06-29,285.0,283.0,287.0,14.8,29.0,5216
1986-06-30,275.0,271.0,278.0,14.7,29.0,5216
1986-07-01,264.0,263.0,265.0,16.1,29.0,5216
1986-07-02,268.0,266.0,270.0,17.0,29.0,5216
1986-07-03,285.0,272.0,299.0,17.75,29.0,5216
1986-07-04,340.0,314.0,346.0,20.0,29.0,5216
1986-07-05,341.0,339.0,343.0,20.6,29.0,5216
1986-07-06,331.0,329.0,333.0,20.65,29.0,5216
1986-07-07,318.0,315.0,321.0,19.05,29.0,5216
1986-07-08,303.0,293.0,312.0,19.85,29.0,5216
1986-07-09,285.0,281.0,289.0,19.9,29.0,5216
1986-07-10,270.0,266.0,273.0,20.6,29.0,5216
1986-07-11,256.0,253.0,259.0,17.6,29.0,5216
1986-07-12,250.0,249.0,250.0,19.8,29.0,5216
1986-07-13,248.0,247.0,249.0,19.6,29.0,5216
1986-07-14,244.0,243.0,245.0,18.7,29.0,5216
1986-07-15,237.0,234.0,239.0,17.9,29.0,5216
1986-07-16,227.0,225.0,229.0,18.0,29.0,5216
1986-07-17,219.0,219.0,219.0,18.75,29.0,5216
1986-07-18,221.0,221.0,221.0,19.9,29.0,5216
1986-07-19,225.0,223.0,226.0,21.15,29.0,5216
1986-07-20,234.0,231.0,236.0,21.5,29.0,5216
1986-07-21,242.0,240.0,243.0,21.4,29.0,5216
1986-07-22,245.0,245.0,245.0,20.5,29.0,5216
1986-07-23,250.0,249.0,250.0,20.45,29.0,5216
1986-07-24,254.0,253.0,255.0,19.5,29.0,5216
1986-07-25,254.0,252.0,255.0,19.5,29.0,5216
1986-07-26,246.0,243.0,248.0,18.6,29.0,5216
1986-07-27,236.0,232.0,240.0,19.9,29.0,5216
1986-07-28,221.0,217.0,225.0,21.55,29.0,5216
1986-07-29,206.0,202.0,209.0,23.4,29.0,5216
1986-07-30,192.0,189.0,195.0,23.15,29.0,5216
1986-07-31,185.0,182.0,186.0,23.25,29.0,5216
1986-08-01,179.0,178.0,180.0,23.5,29.0,5216
1986-08-02,174.0,173.0,175.0,22.75,29.0,5216
1986-08-03,171.0,171.0,171.0,22.25,29.0,5216
1986-08-04,176.0,175.0,176.0,21.9,29.0,5216
1986-08-05,210.0,204.0,216.0,21.65,29.0,5216
1986-08-06,223.0,220.0,225.0,20.8,29.0,5216
1986-08-07,242.0,228.0,251.0,21.65,29.0,5216
1986-08-08,266.0,255.0,273.0,21.5,29.0,5216
1986-08-09,291.0,277.0,300.0,22.0,29.0,5216
1986-08-10,312.0,304.0,316.0,22.2,29.0,5216
1986-08-11,321.0,320.0,321.0,23.0,29.0,5216
1986-08-12,315.0,311.0,319.0,22.5,29.0,5216
1986-08-13,310.0,308.0,311.0,22.6,29.0,5216
1986-08-14,310.0,308.0,311.0,22.95,29.0,5216
1986-08-15,310.0,309.0,310.0,23.0,29.0,5216
1986-08-16,308.0,305.0,310.0,23.8,29.0,5216
1986-08-17,299.0,298.0,300.0,23.9,29.0,5216
1986-08-18,295.0,294.0,296.0,23.3,29.0,5216
1986-08-19,291.0,289.0,292.0,23.0,29.0,5216
1986-08-20,285.0,283.0,286.0,23.1,29.0,5216
1986-08-21,274.0,271.0,277.0,21.85,29.0,5216
1986-08-22,259.0,255.0,263.0,21.65,29.0,5216
1986-08-23,250.0,247.0,253.0,21.0,29.0,5216
1986-08-24,240.0,237.0,242.0,21.85,29.0,5216
1986-08-25,231.0,229.0,233.0,21.15,29.0,5216
1986-08-26,224.0,222.0,225.0,21.35,29.0,5216
1986-08-27,218.0,216.0,219.0,22.15,29.0,5216
1986-08-28,212.0,210.0,213.0,21.5,29.0,5216
1986-08-29,233.0,223.0,243.0,19.9,29.0,5216
1986-08-30,266.0,247.0,295.0,19.2,29.0,5216
1986-08-31,334.0,305.0,343.0,19.6,29.0,5216
1986-09-01,349.0,343.0,354.0,20.6,29.0,5216
1986-09-02,359.0,357.0,360.0,21.1,29.0,5216
1986-09-03,357.0,354.0,360.0,21.8,29.0,5216
1986-09-04,349.0,347.0,351.0,20.1,29.0,5216
1986-09-05,340.0,337.0,343.0,20.3,29.0,5216
1986-09-06,327.0,323.0,331.0,19.8,29.0,5216
1986-09-07,311.0,301.0,320.0,20.0,29.0,5216
1986-09-08,292.0,282.0,299.0,19.7,29.0,5216
1986-09-09,275.0,268.0,280.0,20.0,29.0,5216
1986-09-10,263.0,258.0,266.0,19.1,29.0,5216
1986-09-11,251.0,249.0,253.0,18.6,29.0,5216
1986-09-12,244.0,242.0,246.0,18.1,29.0,5216
1986-09-13,238.0,236.0,240.0,17.7,29.0,5216
1986-09-14,231.0,229.0,232.0,17.1,29.0,5216
1986-09-15,223.0,220.0,225.0,17.2,29.0,5216
1986-09-16,215.0,213.0,216.0,17.2,29.0,5216
1986-09-17,210.0,210.0,210.0,16.3,29.0,5216
1986-09-18,211.0,211.0,211.0,14.6,29.0,5216
1986-09-19,209.0,208.0,210.0,13.4,29.0,5216
1986-09-20,205.0,204.0,206.0,13.5,29.0,5216
1986-09-21,204.0,203.0,204.0,14.4,29.0,5216
1986-09-22,207.0,203.0,208.0,15.1,29.0,5216
1986-09-23,216.0,213.0,219.0,14.0,29.0,5216
1986-09-24,226.0,220.0,231.0,14.0,29.0,5216
1986-09-25,240.0,238.0,242.0,14.5,29.0,5216
1986-09-26,246.0,245.0,246.0,14.4,29.0,5216
1986-09-27,249.0,246.0,251.0,13.2,29.0,5216
1986-09-28,247.0,245.0,249.0,12.0,29.0,5216
1986-09-29,240.0,239.0,241.0,12.6,29.0,5216
1986-09-30,241.0,239.0,243.0,11.8,29.0,5216
1986-10-01,245.0,244.0,246.0,11.25,29.0,5216
1986-10-02,249.0,248.0,249.0,11.35,29.0,5216
1986-10-03,252.0,251.0,253.0,11.35,29.0,5216
1986-10-04,250.0,248.0,253.0,11.1,29.0,5216
1986-10-05,243.0,242.0,244.0,11.3,29.0,5216
1986-10-06,234.0,232.0,235.0,11.25,29.0,5216
1986-10-07,222.0,219.0,225.0,10.75,29.0,5216
1986-10-08,212.0,211.0,213.0,10.4,29.0,5216
1986-10-09,203.0,201.0,204.0,9.45,29.0,5216
1986-10-10,192.0,189.0,195.0,9.5,29.0,5216
1986-10-11,186.0,184.0,187.0,8.6,29.0,5216
1986-10-12,182.0,181.0,182.0,8.9,29.0,5216
1986-10-13,179.0,179.0,179.0,9.25,29.0,5216
1986-10-14,176.0,175.0,176.0,8.95,29.0,5216
1986-10-15,174.0,173.0,174.0,6.15,29.0,5216
1986-10-16,172.0,172.0,172.0,5.3,29.0,5216
1986-10-17,170.0,169.0,170.0,3.25,29.0,5216
1986-10-18,169.0,168.0,169.0,2.85,29.0,5216
1986-10-19,168.0,168.0,168.0,3.45,29.0,5216
1986-10-20,167.0,167.0,167.0,3.8,29.0,5216
1986-10-21,166.0,166.0,166.0,4.9,29.0,5216
1986-10-22,166.0,166.0,166.0,3.1,29.0,5216
1986-10-23,165.0,165.0,165.0,2.6,2.29,5216
1986-10-24,165.0,165.0,165.0,3.45,29.0,5216
1986-10-25,165.0,165.0,165.0,4.7,29.0,5216
1986-10-26,164.0,164.0,164.0,4.1,29.0,5216
1986-10-27,163.0,163.0,163.0,2.25,29.0,5216
1986-10-28,163.0,163.0,163.0,1.95,2.29,5216
1986-10-29,163.0,163.0,163.0,1.2,2.0,5216
1986-10-30,163.0,163.0,163.0,0.6,2.0,5216
1986-10-31,163.0,163.0,163.0,0.7,2.0,5216
1986-11-01,163.0,163.0,163.0,2.0,29.0,5216
1986-11-02,163.0,163.0,163.0,2.0,2.0,5216
1986-11-03,163.0,163.0,163.0,3.5,29.0,5216
1986-11-04,163.0,163.0,163.0,2.3,2.0,5216
1986-11-05,163.0,163.0,163.0,2.2,2.29,5216
1986-11-06,166.0,163.0,169.0,1.3,2.0,5216
1986-11-07,163.0,163.0,163.0,2.5,29.0,5216
1986-11-08,163.0,163.0,163.0,1.5,29.0,5216
1986-11-09,162.0,162.0,162.0,0.7,2.0,5216
1986-11-10,162.0,162.0,162.0,1.4,2.0,5216
1986-11-11,162.0,162.0,162.0,1.2,29.0,5216
1986-11-12,163.0,162.0,163.0,0.9,2.29,5216
1986-11-13,162.0,162.0,162.0,2.7,29.0,5216
1986-11-14,161.0,161.0,161.0,1.6,2.29,5216
1986-11-15,168.0,167.0,169.0,0.2,15.0,5216
1986-11-16,165.0,165.0,165.0,0.3,15.0,5216
1986-11-17,165.0,165.0,165.0,0.4,15.0,5216
1986-11-18,165.0,164.0,165.0,0.3,15.0,5216
1986-11-19,163.0,163.0,163.0,0.2,15.0,5216
1986-11-20,162.0,162.0,162.0,0.2,15.0,5216
1986-11-21,162.0,162.0,162.0,0.3,15.0,5216
1986-11-22,162.0,162.0,162.0,0.2,15.0,5216
1986-11-23,162.0,161.0,162.0,0.2,15.0,5216
1986-11-24,160.0,159.0,160.0,0.1,15.0,5216
1986-11-25,163.0,163.0,163.0,0.1,15.0,5216
1986-11-26,163.0,163.0,163.0,0.1,16.0,5216
1986-11-27,163.0,163.0,163.0,0.1,16.0,5216
1986-11-28,164.0,163.0,164.0,0.1,16.0,5216
1986-11-29,164.0,163.0,165.0,0.1,16.0,5216
1986-11-30,167.0,166.0,167.0,0.1,16.0,5216
1986-12-01,167.0,167.0,167.0,,16.0,5216
1986-12-02,167.0,167.0,167.0,,16.0,5216
1986-12-03,167.0,167.0,167.0,,16.0,5216
1986-12-04,167.0,167.0,167.0,,16.0,5216
1986-12-05,167.0,167.0,167.0,,16.0,5216
1986-12-06,167.0,167.0,167.0,,16.0,5216
1986-12-07,168.0,168.0,168.0,,16.0,5216
1986-12-08,168.0,168.0,168.0,,16.0,5216
1986-12-09,169.0,169.0,169.0,,16.0,5216
1986-12-10,169.0,169.0,169.0,,16.0,5216
1986-12-11,171.0,171.0,171.0,,16.0,5216
1986-12-12,169.0,169.0,169.0,,16.0,5216
1986-12-13,169.0,169.0,169.0,,16.0,5216
1986-12-14,168.0,168.0,168.0,,16.0,5216
1986-12-15,167.0,167.0,167.0,,16.0,5216
1986-12-16,167.0,167.0,167.0,,16.0,5216
1986-12-17,169.0,169.0,169.0,,16.0,5216
1986-12-18,171.0,171.0,171.0,,16.0,5216
1986-12-19,171.0,171.0,171.0,,16.0,5216
1986-12-20,171.0,171.0,171.0,,16.0,5216
1986-12-21,171.0,171.0,171.0,,16.0,5216
1986-12-22,171.0,171.0,171.0,,16.0,5216
1986-12-23,173.0,173.0,173.0,,16.0,5216
1986-12-24,174.0,174.0,174.0,,16.0,5216
1986-12-25,173.0,173.0,173.0,,16.0,5216
1986-12-26,174.0,174.0,174.0,,16.0,5216
1986-12-27,175.0,175.0,175.0,,16.0,5216
1986-12-28,177.0,177.0,177.0,,16.33,5216
1986-12-29,181.0,181.0,181.0,,16.33,5216
1986-12-30,186.0,186.0,186.0,,16.33,5216
1986-12-31,187.0,187.0,187.0,,16.33,5216
1987-01-01,187.0,187.0,187.0,,16.33,5216
1987-01-02,189.0,189.0,189.0,,16.33,5216
1987-01-03,189.0,189.0,189.0,,16.33,5216
1987-01-04,189.0,189.0,189.0,,16.33,5216
1987-01-05,188.0,188.0,188.0,,16.33,5216
1987-01-06,188.0,188.0,188.0,,16.33,5216
1987-01-07,187.0,187.0,187.0,,16.33,5216
1987-01-08,187.0,187.0,187.0,,16.33,5216
1987-01-09,183.0,183.0,183.0,,16.33,5216
1987-01-10,179.0,179.0,179.0,,16.33,5216
1987-01-11,175.0,175.0,175.0,,16.33,5216
1987-01-12,173.0,173.0,173.0,,16.33,5216
1987-01-13,172.0,172.0,172.0,,16.33,5216
1987-01-14,172.0,172.0,172.0,,16.33,5216
1987-01-15,171.0,171.0,171.0,,16.33,5216
1987-01-16,171.0,171.0,171.0,,16.33,5216
1987-01-17,172.0,172.0,172.0,,16.33,5216
1987-01-18,174.0,174.0,174.0,,16.33,5216
1987-01-19,175.0,175.0,175.0,,16.33,5216
1987-01-20,171.0,171.0,171.0,,16.33,5216
1987-01-21,169.0,169.0,169.0,,16.33,5216
1987-01-22,167.0,167.0,167.0,,16.33,5216
1987-01-23,166.0,166.0,166.0,,16.33,5216
1987-01-24,165.0,165.0,165.0,,16.33,5216
1987-01-25,163.0,163.0,163.0,,16.33,5216
1987-01-26,162.0,162.0,162.0,,16.33,5216
1987-01-27,161.0,161.0,161.0,,16.33,5216
1987-01-28,161.0,161.0,161.0,,16.33,5216
1987-01-29,160.0,160.0,160.0,,16.33,5216
1987-01-30,159.0,159.0,159.0,,16.33,5216
1987-01-31,158.0,158.0,158.0,,16.33,5216
1987-02-01,157.0,157.0,157.0,,16.33,5216
1987-02-02,155.0,155.0,155.0,,16.33,5216
1987-02-03,154.0,154.0,154.0,,16.33,5216
1987-02-04,153.0,153.0,153.0,,16.33,5216
1987-02-05,152.0,152.0,152.0,,16.33,5216
1987-02-06,151.0,151.0,151.0,,16.33,5216
1987-02-07,150.0,150.0,150.0,,16.33,5216
1987-02-08,149.0,149.0,149.0,,16.33,5216
1987-02-09,148.0,148.0,148.0,,16.33,5216
1987-02-10,148.0,148.0,148.0,,16.33,5216
1987-02-11,149.0,149.0,149.0,,16.33,5216
1987-02-12,148.0,148.0,148.0,,16.33,5216
1987-02-13,147.0,147.0,147.0,,16.33,5216
1987-02-14,146.0,146.0,146.0,,16.33,5216
1987-02-15,145.0,145.0,145.0,,16.33,5216
1987-02-16,144.0,144.0,144.0,,16.33,5216
1987-02-17,143.0,143.0,143.0,,16.33,5216
1987-02-18,142.0,142.0,142.0,,16.33,5216
1987-02-19,141.0,141.0,141.0,,16.33,5216
1987-02-20,140.0,140.0,140.0,,16.33,5216
1987-02-21,139.0,139.0,139.0,,16.33,5216
1987-02-22,138.0,138.0,138.0,,16.33,5216
1987-02-23,137.0,137.0,137.0,,16.33,5216
1987-02-24,137.0,137.0,137.0,,16.33,5216
1987-02-25,136.0,136.0,136.0,,16.33,5216
1987-02-26,135.0,135.0,135.0,,16.33,5216
1987-02-27,134.0,134.0,134.0,,16.33,5216
1987-02-28,134.0,134.0,134.0,,16.33,5216
1987-03-01,133.0,133.0,133.0,,16.33,5216
1987-03-02,132.0,132.0,132.0,,16.33,5216
1987-03-03,131.0,131.0,131.0,,16.33,5216
1987-03-04,132.0,132.0,132.0,,16.33,5216
1987-03-05,132.0,132.0,132.0,,16.33,5216
1987-03-06,132.0,132.0,132.0,,16.33,5216
1987-03-07,132.0,131.0,132.0,,16.33,5216
1987-03-08,131.0,130.0,131.0,,16.33,5216
1987-03-09,131.0,130.0,131.0,,16.33,5216
1987-03-10,131.0,131.0,131.0,,16.33,5216
1987-03-11,130.0,129.0,130.0,,16.33,5216
1987-03-12,128.0,127.0,128.0,,16.33,5216
1987-03-13,127.0,127.0,127.0,,,5216
1987-03-14,127.0,127.0,127.0,,,5216
1987-03-15,127.0,127.0,127.0,,16.33,5216
1987-03-16,126.0,126.0,126.0,,,5216
1987-03-17,127.0,125.0,129.0,,,5216
1987-03-18,135.0,130.0,139.0,0.1,16.47,5216
1987-03-19,144.0,141.0,147.0,0.1,16.47,5216
1987-03-20,150.0,149.0,150.0,0.2,16.47,5216
1987-03-21,158.0,153.0,163.0,0.4,16.47,5216
1987-03-22,173.0,167.0,178.0,0.6,16.47,5216
1987-03-23,221.0,213.0,227.0,0.2,24.0,5216
1987-03-24,223.0,221.0,225.0,0.1,24.0,5216
1987-03-25,248.0,244.0,252.0,0.1,24.0,5216
1987-03-26,259.0,256.0,265.0,0.1,24.0,5216
1987-03-27,284.0,281.0,284.0,0.2,24.0,5216
1987-03-28,279.0,274.0,284.0,0.2,24.0,5216
1987-03-29,270.0,267.0,272.0,0.3,24.0,5216
1987-03-30,263.0,263.0,263.0,0.0,16.0,5216
1987-03-31,254.0,245.0,262.0,0.0,16.0,5216
1987-04-01,247.0,247.0,247.0,0.1,16.0,5216
1987-04-02,238.0,235.0,241.0,0.2,16.0,5216
1987-04-03,236.0,233.0,239.0,0.4,16.0,5216
1987-04-04,230.0,229.0,231.0,0.4,16.0,5216
1987-04-05,225.0,224.0,225.0,0.6,16.0,5216
1987-04-06,219.0,217.0,220.0,1.3,16.0,5216
1987-04-07,219.0,217.0,221.0,2.0,16.0,5216
1987-04-08,228.0,225.0,231.0,3.1,29.0,5216
1987-04-09,235.0,233.0,237.0,3.3,29.0,5216
1987-04-10,241.0,240.0,241.0,2.1,29.0,5216
1987-04-11,241.0,241.0,241.0,1.7,29.0,5216
1987-04-12,239.0,238.0,239.0,1.0,29.0,5216
1987-04-13,234.0,233.0,235.0,1.9,29.0,5216
1987-04-14,228.0,226.0,231.0,2.8,29.0,5216
1987-04-15,218.0,215.0,220.0,4.1,29.0,5216
1987-04-16,206.0,202.0,209.0,5.9,29.0,5216
1987-04-17,198.0,196.0,199.0,7.0,29.0,5216
1987-04-18,192.0,191.0,193.0,7.8,29.0,5216
1987-04-19,188.0,187.0,188.0,7.9,29.0,5216
1987-04-20,186.0,185.0,186.0,8.4,29.0,5216
1987-04-21,196.0,183.0,219.0,7.2,29.0,5216
1987-04-22,280.0,241.0,354.0,5.3,29.0,5216
1987-04-23,380.0,373.0,391.0,6.9,29.0,5216
1987-04-24,365.0,355.0,374.0,4.6,29.0,5216
1987-04-25,348.0,341.0,352.0,4.8,29.0,5216
1987-04-26,335.0,328.0,339.0,6.2,29.0,5216
1987-04-27,321.0,313.0,323.0,6.8,29.0,5216
1987-04-28,302.0,299.0,307.0,8.3,29.0,5216
1987-04-29,281.0,277.0,286.0,9.1,29.0,5216
1987-04-30,266.0,263.0,269.0,10.7,29.0,5216
1987-05-01,256.0,252.0,261.0,10.9,29.0,5216
1987-05-02,245.0,243.0,247.0,11.1,29.0,5216
1987-05-03,238.0,236.0,239.0,10.3,29.0,5216
1987-05-04,229.0,226.0,232.0,10.2,29.0,5216
1987-05-05,220.0,217.0,222.0,9.8,29.0,5216
1987-05-06,209.0,207.0,211.0,10.4,29.0,5216
1987-05-07,201.0,199.0,202.0,11.9,29.0,5216
1987-05-08,195.0,194.0,196.0,12.0,29.0,5216
1987-05-09,191.0,190.0,192.0,14.1,29.0,5216
1987-05-10,187.0,187.0,187.0,15.3,29.0,5216
1987-05-11,185.0,183.0,186.0,13.3,29.0,5216
1987-05-12,183.0,183.0,183.0,13.8,29.0,5216
1987-05-13,182.0,181.0,183.0,11.7,29.0,5216
1987-05-14,180.0,179.0,180.0,10.7,29.0,5216
1987-05-15,179.0,179.0,179.0,10.9,29.0,5216
1987-05-16,179.0,179.0,179.0,13.9,29.0,5216
1987-05-17,179.0,178.0,179.0,12.5,29.0,5216
1987-05-18,181.0,181.0,182.0,11.5,29.0,5216
1987-05-19,182.0,181.0,182.0,13.1,29.0,5216
1987-05-20,182.0,181.0,182.0,16.7,29.0,5216
1987-05-21,181.0,181.0,181.0,16.6,29.0,5216
1987-05-22,183.0,183.0,183.0,14.2,29.0,5216
1987-05-23,187.0,186.0,187.0,14.4,29.0,5216
1987-05-24,194.0,192.0,195.0,12.9,29.0,5216
1987-05-25,195.0,195.0,195.0,12.1,29.0,5216
1987-05-26,193.0,191.0,194.0,13.6,29.0,5216
1987-05-27,190.0,189.0,191.0,14.4,29.0,5216
1987-05-28,189.0,188.0,189.0,14.0,29.0,5216
1987-05-29,187.0,187.0,187.0,14.6,29.0,5216
1987-05-30,188.0,187.0,189.0,16.5,29.0,5216
1987-05-31,191.0,190.0,191.0,16.6,29.0,5216
1987-06-01,191.0,191.0,191.0,17.55,29.0,5216
1987-06-02,195.0,193.0,196.0,16.75,29.0,5216
1987-06-03,202.0,201.0,203.0,16.7,29.0,5216
1987-06-04,202.0,201.0,203.0,17.3,29.0,5216
1987-06-05,196.0,195.0,197.0,18.4,29.0,5216
1987-06-06,191.0,189.0,192.0,17.85,29.0,5216
1987-06-07,188.0,187.0,189.0,18.15,29.0,5216
1987-06-08,186.0,185.0,186.0,18.55,29.0,5216
1987-06-09,185.0,185.0,185.0,19.2,29.0,5216
1987-06-10,188.0,187.0,189.0,19.5,29.0,5216
1987-06-11,189.0,189.0,189.0,18.7,29.0,5216
1987-06-12,187.0,187.0,187.0,16.3,29.0,5216
1987-06-13,186.0,185.0,186.0,15.1,29.0,5216
1987-06-14,182.0,181.0,183.0,16.3,29.0,5216
1987-06-15,178.0,177.0,179.0,18.5,29.0,5216
1987-06-16,176.0,175.0,177.0,19.4,29.0,5216
1987-06-17,174.0,173.0,175.0,21.7,29.0,5216
1987-06-18,173.0,173.0,173.0,20.9,29.0,5216
1987-06-19,171.0,171.0,171.0,19.95,29.0,5216
1987-06-20,171.0,171.0,171.0,20.0,29.0,5216
1987-06-21,171.0,170.0,171.0,20.7,29.0,5216
1987-06-22,170.0,169.0,170.0,22.9,29.0,5216
1987-06-23,168.0,167.0,169.0,23.8,29.0,5216
1987-06-24,167.0,166.0,167.0,23.75,29.0,5216
1987-06-25,164.0,163.0,164.0,22.9,29.0,5216
1987-06-26,163.0,162.0,163.0,21.75,29.0,5216
1987-06-27,162.0,161.0,162.0,19.0,29.0,5216
1987-06-28,161.0,161.0,161.0,17.6,29.0,5216
1987-06-29,160.0,160.0,160.0,17.65,29.0,5216
1987-06-30,160.0,159.0,161.0,17.1,29.0,5216
1987-07-01,160.0,160.0,160.0,18.0,29.0,5216
1987-07-02,161.0,161.0,161.0,19.5,29.0,5216
1987-07-03,161.0,161.0,161.0,21.1,29.0,5216
1987-07-04,161.0,161.0,161.0,19.5,29.0,5216
1987-07-05,160.0,160.0,161.0,20.5,29.0,5216
1987-07-06,163.0,163.0,163.0,20.4,29.0,5216
1987-07-07,165.0,164.0,165.0,20.5,29.0,5216
1987-07-08,168.0,167.0,169.0,23.5,29.0,5216
1987-07-09,173.0,171.0,174.0,20.7,29.0,5216
1987-07-10,176.0,175.0,177.0,22.3,29.0,5216
1987-07-11,181.0,179.0,183.0,20.6,29.0,5216
1987-07-12,187.0,187.0,188.0,20.3,29.0,5216
1987-07-13,190.0,189.0,191.0,21.5,29.0,5216
1987-07-14,203.0,199.0,207.0,22.2,29.0,5216
1987-07-15,216.0,213.0,218.0,23.1,29.0,5216
1987-07-16,223.0,219.0,227.0,21.2,29.0,5216
1987-07-17,238.0,235.0,242.0,20.0,29.0,5216
1987-07-18,255.0,245.0,270.0,21.6,29.0,5216
1987-07-19,281.0,275.0,289.0,22.2,29.0,5216
1987-07-20,290.0,289.0,290.0,21.8,29.0,5216
1987-07-21,288.0,288.0,289.0,20.3,29.0,5216
1987-07-22,294.0,290.0,302.0,21.0,29.0,5216
1987-07-23,311.0,306.0,315.0,21.2,29.0,5216
1987-07-24,314.0,311.0,316.0,22.7,29.0,5216
1987-07-25,304.0,300.0,307.0,22.6,29.0,5216
1987-07-26,290.0,286.0,293.0,24.0,29.0,5216
1987-07-27,283.0,281.0,285.0,24.4,29.0,5216
1987-07-28,277.0,275.0,278.0,24.6,29.0,5216
1987-07-29,269.0,267.0,271.0,25.5,29.0,5216
1987-07-30,261.0,258.0,263.0,25.3,29.0,5216
1987-07-31,253.0,253.0,253.0,25.1,29.0,5216
1987-08-01,252.0,245.0,259.0,21.5,29.0,5216
1987-08-02,246.0,241.0,253.0,20.15,29.0,5216
1987-08-03,273.0,255.0,296.0,19.25,29.0,5216
1987-08-04,311.0,300.0,320.0,20.6,29.0,5216
1987-08-05,320.0,319.0,320.0,20.95,29.0,5216
1987-08-06,313.0,310.0,315.0,21.35,29.0,5216
1987-08-07,299.0,291.0,303.0,21.3,29.0,5216
1987-08-08,284.0,278.0,288.0,21.15,29.0,5216
1987-08-09,271.0,265.0,275.0,20.7,29.0,5216
1987-08-10,257.0,251.0,263.0,21.25,29.0,5216
1987-08-11,247.0,244.0,249.0,21.95,29.0,5216
1987-08-12,238.0,237.0,239.0,22.4,29.0,5216
1987-08-13,233.0,231.0,234.0,22.75,29.0,5216
1987-08-14,230.0,230.0,230.0,23.1,29.0,5216
1987-08-15,229.0,229.0,229.0,22.9,29.0,5216
1987-08-16,229.0,229.0,229.0,21.85,29.0,5216
1987-08-17,226.0,224.0,228.0,21.5,29.0,5216
1987-08-18,218.0,215.0,221.0,21.95,29.0,5216
1987-08-19,207.0,204.0,209.0,20.9,29.0,5216
1987-08-20,196.0,194.0,197.0,20.25,29.0,5216
1987-08-21,189.0,187.0,190.0,20.9,29.0,5216
1987-08-22,186.0,185.0,187.0,21.25,29.0,5216
1987-08-23,189.0,185.0,193.0,20.5,29.0,5216
1987-08-24,209.0,203.0,214.0,20.4,29.0,5216
1987-08-25,220.0,219.0,221.0,19.85,29.0,5216
1987-08-26,221.0,220.0,221.0,20.0,29.0,5216
1987-08-27,218.0,216.0,219.0,19.35,29.0,5216
1987-08-28,217.0,217.0,217.0,20.1,29.0,5216
1987-08-29,221.0,220.0,221.0,20.5,29.0,5216
1987-08-30,223.0,222.0,223.0,20.25,29.0,5216
1987-08-31,219.0,217.0,221.0,19.85,29.0,5216
1987-09-01,210.0,209.0,211.0,19.35,29.0,5216
1987-09-02,199.0,197.0,201.0,18.6,29.0,5216
1987-09-03,193.0,191.0,194.0,19.3,29.0,5216
1987-09-04,191.0,191.0,191.0,19.0,29.0,5216
1987-09-05,191.0,190.0,191.0,18.25,29.0,5216
1987-09-06,188.0,187.0,189.0,18.75,29.0,5216
1987-09-07,185.0,184.0,185.0,17.9,29.0,5216
1987-09-08,181.0,179.0,182.0,17.4,29.0,5216
1987-09-09,178.0,177.0,178.0,17.8,29.0,5216
1987-09-10,177.0,177.0,177.0,17.4,29.0,5216
1987-09-11,176.0,176.0,176.0,18.5,29.0,5216
1987-09-12,177.0,177.0,177.0,18.1,29.0,5216
1987-09-13,178.0,177.0,178.0,18.1,29.0,5216
1987-09-14,181.0,180.0,181.0,18.35,29.0,5216
1987-09-15,183.0,183.0,183.0,16.4,29.0,5216
1987-09-16,185.0,184.0,185.0,15.25,29.0,5216
1987-09-17,182.0,181.0,183.0,15.1,29.0,5216
1987-09-18,178.0,177.0,179.0,14.8,29.0,5216
1987-09-19,174.0,173.0,175.0,14.6,29.0,5216
1987-09-20,170.0,169.0,171.0,14.85,29.0,5216
1987-09-21,169.0,169.0,169.0,15.5,29.0,5216
1987-09-22,168.0,167.0,168.0,14.65,29.0,5216
1987-09-23,167.0,166.0,167.0,16.25,29.0,5216
1987-09-24,165.0,165.0,165.0,16.15,29.0,5216
1987-09-25,165.0,165.0,165.0,16.6,29.0,5216
1987-09-26,168.0,167.0,168.0,14.1,29.0,5216
1987-09-27,170.0,169.0,171.0,12.7,29.0,5216
1987-09-28,178.0,175.0,180.0,10.0,29.0,5216
1987-09-29,188.0,185.0,191.0,10.5,29.0,5216
1987-09-30,196.0,194.0,197.0,10.9,29.0,5216
1987-10-01,201.0,201.0,204.0,12.0,29.0,5216
1987-10-02,208.0,206.0,210.0,14.3,29.0,5216
1987-10-03,212.0,211.0,213.0,13.0,29.0,5216
1987-10-04,215.0,215.0,215.0,13.3,29.0,5216
1987-10-05,215.0,215.0,215.0,14.0,29.0,5216
1987-10-06,214.0,214.0,214.0,14.4,29.0,5216
1987-10-07,213.0,213.0,213.0,13.7,29.0,5216
1987-10-08,213.0,213.0,213.0,11.2,29.0,5216
1987-10-09,214.0,214.0,214.0,10.7,29.0,5216
1987-10-10,216.0,215.0,216.0,10.9,29.0,5216
1987-10-11,216.0,215.0,217.0,10.8,29.0,5216
1987-10-12,211.0,209.0,212.0,9.7,29.0,5216
1987-10-13,200.0,197.0,203.0,9.4,29.0,5216
1987-10-14,191.0,189.0,193.0,9.3,29.0,5216
1987-10-15,184.0,182.0,185.0,8.2,29.0,5216
1987-10-16,179.0,178.0,179.0,7.3,29.0,5216
1987-10-17,176.0,175.0,176.0,7.9,29.0,5216
1987-10-18,175.0,174.0,175.0,8.0,29.0,5216
1987-10-19,183.0,179.0,186.0,6.4,29.0,5216
1987-10-20,191.0,187.0,202.0,5.6,29.0,5216
1987-10-21,225.0,206.0,248.0,4.3,29.0,5216
1987-10-22,262.0,252.0,271.0,3.6,29.0,5216
1987-10-23,278.0,272.0,286.0,3.5,29.0,5216
1987-10-24,296.0,288.0,304.0,3.8,29.0,5216
1987-10-25,303.0,302.0,304.0,3.5,29.0,5216
1987-10-26,294.0,291.0,297.0,3.9,29.0,5216
1987-10-27,279.0,272.0,284.0,5.8,29.0,5216
1987-10-28,266.0,258.0,270.0,6.8,29.0,5216
1987-10-29,251.0,244.0,256.0,6.8,29.0,5216
1987-10-30,238.0,232.0,242.0,4.6,29.0,5216
1987-10-31,226.0,220.0,230.0,2.4,29.0,5216
1987-11-01,217.0,214.0,220.0,2.0,29.0,5216
1987-11-02,208.0,206.0,209.0,2.3,29.0,5216
1987-11-03,203.0,202.0,203.0,2.1,29.0,5216
1987-11-04,198.0,196.0,199.0,1.9,29.0,5216
1987-11-05,195.0,194.0,195.0,1.4,29.0,5216
1987-11-06,190.0,190.0,190.0,0.9,2.29,5216
1987-11-07,189.0,188.0,189.0,1.4,29.0,5216
1987-11-08,187.0,187.0,187.0,0.6,2.0,5216
1987-11-09,185.0,185.0,185.0,1.2,2.29,5216
1987-11-10,184.0,183.0,184.0,2.1,29.0,5216
1987-11-11,182.0,182.0,183.0,0.5,2.0,5216
1987-11-12,185.0,183.0,186.0,0.5,2.0,5216
1987-11-13,186.0,181.0,190.0,0.1,15.0,5216
1987-11-14,180.0,179.0,180.0,0.1,15.0,5216
1987-11-15,177.0,177.0,177.0,0.3,15.0,5216
1987-11-16,172.0,171.0,173.0,0.3,15.0,5216
1987-11-17,168.0,167.0,169.0,0.3,15.0,5216
1987-11-18,176.0,174.0,178.0,0.3,15.0,5216
1987-11-19,181.0,178.0,183.0,0.2,15.0,5216
1987-11-20,171.0,171.0,171.0,0.3,15.0,5216
1987-11-21,171.0,171.0,171.0,0.1,15.0,5216
1987-11-22,170.0,169.0,170.0,0.1,16.0,5216
1987-11-23,168.0,168.0,168.0,0.1,16.0,5216
1987-11-24,169.0,168.0,169.0,0.1,16.0,5216
1987-11-25,169.0,169.0,169.0,0.1,16.0,5216
1987-11-26,170.0,170.0,170.0,0.1,16.0,5216
1987-11-27,170.0,170.0,170.0,0.1,16.0,5216
1987-11-28,170.0,170.0,170.0,0.1,16.0,5216
1987-11-29,171.0,170.0,171.0,0.1,16.0,5216
1987-11-30,173.0,173.0,173.0,0.1,16.0,5216
1987-12-01,173.0,173.0,173.0,,16.0,5216
1987-12-02,174.0,174.0,174.0,,16.0,5216
1987-12-03,175.0,175.0,175.0,,16.0,5216
1987-12-04,175.0,175.0,175.0,,16.0,5216
1987-12-05,175.0,175.0,175.0,,16.0,5216
1987-12-06,175.0,175.0,175.0,,16.0,5216
1987-12-07,175.0,175.0,175.0,,16.0,5216
1987-12-08,176.0,176.0,176.0,,16.0,5216
1987-12-09,177.0,177.0,177.0,,16.0,5216
1987-12-10,178.0,178.0,178.0,,16.0,5216
1987-12-11,177.0,177.0,177.0,,16.0,5216
1987-12-12,176.0,176.0,176.0,,16.0,5216
1987-12-13,175.0,175.0,175.0,,16.0,5216
1987-12-14,173.0,173.0,173.0,,16.0,5216
1987-12-15,172.0,172.0,172.0,,16.0,5216
1987-12-16,171.0,171.0,171.0,,16.0,5216
1987-12-17,169.0,169.0,169.0,,16.0,5216
1987-12-18,167.0,167.0,167.0,,16.0,5216
1987-12-19,166.0,166.0,166.0,,16.0,5216
1987-12-20,165.0,165.0,165.0,,16.0,5216
1987-12-21,164.0,164.0,164.0,,16.0,5216
1987-12-22,163.0,163.0,163.0,,16.0,5216
1987-12-23,163.0,163.0,163.0,,16.0,5216
1987-12-24,163.0,163.0,163.0,,16.0,5216
1987-12-25,163.0,163.0,163.0,,16.0,5216
1987-12-26,163.0,163.0,163.0,,16.0,5216
1987-12-27,163.0,163.0,163.0,,16.0,5216
1987-12-28,163.0,163.0,163.0,,16.0,5216
1987-12-29,163.0,163.0,163.0,,16.0,5216
1987-12-30,162.0,162.0,162.0,,16.0,5216
1987-12-31,161.0,161.0,161.0,,16.0,5216
1988-01-01,161.0,161.0,161.0,,16.0,5216
1988-01-02,160.0,160.0,160.0,,16.0,5216
1988-01-03,159.0,159.0,159.0,,16.0,5216
1988-01-04,157.0,157.0,157.0,,16.0,5216
1988-01-05,156.0,156.0,156.0,,16.0,5216
1988-01-06,156.0,156.0,156.0,,16.0,5216
1988-01-07,155.0,155.0,155.0,,16.0,5216
1988-01-08,154.0,154.0,154.0,,16.0,5216
1988-01-09,153.0,153.0,153.0,,16.0,5216
1988-01-10,152.0,152.0,152.0,,16.0,5216
1988-01-11,152.0,152.0,152.0,,16.0,5216
1988-01-12,152.0,152.0,152.0,,16.0,5216
1988-01-13,152.0,152.0,152.0,,16.0,5216
1988-01-14,153.0,153.0,153.0,,16.0,5216
1988-01-15,153.0,153.0,153.0,,16.0,5216
1988-01-16,153.0,153.0,153.0,,16.0,5216
1988-01-17,153.0,153.0,153.0,,16.0,5216
1988-01-18,153.0,153.0,153.0,,16.0,5216
1988-01-19,152.0,152.0,152.0,,16.0,5216
1988-01-20,152.0,152.0,152.0,,16.0,5216
1988-01-21,151.0,151.0,151.0,,16.0,5216
1988-01-22,151.0,151.0,151.0,,16.0,5216
1988-01-23,151.0,151.0,151.0,,16.0,5216
1988-01-24,151.0,151.0,151.0,,16.0,5216
1988-01-25,151.0,151.0,151.0,,16.0,5216
1988-01-26,150.0,150.0,150.0,,16.0,5216
1988-01-27,150.0,150.0,150.0,,16.0,5216
1988-01-28,150.0,150.0,150.0,,16.0,5216
1988-01-29,150.0,150.0,150.0,,16.0,5216
1988-01-30,151.0,151.0,151.0,,16.0,5216
1988-01-31,151.0,151.0,151.0,,16.33,5216
1988-02-01,151.0,151.0,151.0,,16.33,5216
1988-02-02,151.0,151.0,151.0,,16.33,5216
1988-02-03,150.0,150.0,150.0,,16.33,5216
1988-02-04,149.0,149.0,149.0,,16.33,5216
1988-02-05,148.0,148.0,148.0,,16.33,5216
1988-02-06,147.0,147.0,147.0,,16.33,5216
1988-02-07,146.0,146.0,146.0,,16.33,5216
1988-02-08,145.0,145.0,145.0,,16.33,5216
1988-02-09,143.0,143.0,143.0,,16.33,5216
1988-02-10,141.0,141.0,141.0,,16.33,5216
1988-02-11,139.0,139.0,139.0,,16.33,5216
1988-02-12,138.0,138.0,138.0,,16.33,5216
1988-02-13,137.0,137.0,137.0,,16.33,5216
1988-02-14,136.0,136.0,136.0,,16.33,5216
1988-02-15,135.0,135.0,135.0,,16.33,5216
1988-02-16,134.0,134.0,134.0,,16.33,5216
1988-02-17,133.0,133.0,133.0,,16.33,5216
1988-02-18,131.0,131.0,131.0,,16.33,5216
1988-02-19,130.0,130.0,130.0,,16.33,5216
1988-02-20,129.0,129.0,129.0,,16.33,5216
1988-02-21,128.0,128.0,128.0,,16.33,5216
1988-02-22,128.0,128.0,128.0,,16.33,5216
1988-02-23,127.0,127.0,127.0,,16.33,5216
1988-02-24,127.0,127.0,127.0,,16.33,5216
1988-02-25,127.0,127.0,127.0,,16.33,5216
1988-02-26,127.0,127.0,127.0,,16.33,5216
1988-02-27,126.0,126.0,126.0,,16.33,5216
1988-02-28,126.0,126.0,126.0,,16.33,5216
1988-02-29,126.0,126.0,126.0,,16.33,5216
1988-03-01,126.0,125.0,127.0,,16.33,5216
1988-03-02,127.0,127.0,127.0,,16.33,5216
1988-03-03,127.0,126.0,127.0,,16.33,5216
1988-03-04,125.0,125.0,125.0,,16.33,5216
1988-03-05,125.0,125.0,125.0,,16.33,5216
1988-03-06,125.0,125.0,125.0,,16.33,5216
1988-03-07,124.0,124.0,124.0,,16.33,5216
1988-03-08,123.0,122.0,123.0,,16.33,5216
1988-03-09,121.0,121.0,121.0,,16.33,5216
1988-03-10,122.0,121.0,123.0,,16.33,5216
1988-03-11,124.0,123.0,125.0,0.0,16.33,5216
1988-03-12,130.0,125.0,134.0,0.0,16.33,5216
1988-03-13,139.0,135.0,143.0,0.3,16.33,5216
1988-03-14,144.0,143.0,144.0,0.1,16.33,5216
1988-03-15,144.0,143.0,144.0,0.0,16.33,5216
1988-03-16,143.0,142.0,143.0,0.0,16.33,5216
1988-03-17,143.0,141.0,145.0,0.15,16.33,5216
1988-03-18,149.0,145.0,153.0,0.35,16.33,5216
1988-03-19,167.0,162.0,171.0,0.5,16.33,5216
1988-03-20,177.0,176.0,178.0,0.3,16.33,5216
1988-03-21,175.0,175.0,175.0,0.1,16.33,5216
1988-03-22,172.0,171.0,173.0,0.1,16.33,5216
1988-03-23,167.0,164.0,169.0,0.1,16.33,5216
1988-03-24,158.0,157.0,159.0,0.1,16.33,5216
1988-03-25,156.0,153.0,159.0,0.2,16.33,5216
1988-03-26,157.0,155.0,159.0,0.2,16.33,5216
1988-03-27,154.0,153.0,155.0,0.4,16.0,5216
1988-03-28,154.0,153.0,154.0,0.6,16.0,5216
1988-03-29,153.0,153.0,153.0,0.25,16.0,5216
1988-03-30,154.0,152.0,155.0,0.65,16.0,5216
1988-03-31,153.0,153.0,153.0,0.7,16.0,5216
1988-04-01,157.0,154.0,159.0,0.75,16.0,5216
1988-04-02,161.0,159.0,163.0,0.85,16.0,5216
1988-04-03,166.0,159.0,173.0,0.6,24.16,5216
1988-04-04,175.0,171.0,179.0,0.45,24.16,5216
1988-04-05,188.0,182.0,193.0,0.3,16.0,5216
1988-04-06,179.0,173.0,185.0,0.45,16.0,5216
1988-04-07,179.0,173.0,185.0,1.1,16.0,5216
1988-04-08,180.0,173.0,187.0,1.7,16.0,5216
1988-04-09,183.0,175.0,191.0,1.75,16.0,5216
1988-04-10,186.0,177.0,193.0,2.65,29.0,5216
1988-04-11,189.0,184.0,193.0,2.55,29.0,5216
1988-04-12,189.0,188.0,190.0,4.75,29.0,5216
1988-04-13,186.0,185.0,187.0,4.75,29.0,5216
1988-04-14,184.0,183.0,184.0,4.45,29.0,5216
1988-04-15,183.0,183.0,183.0,6.7,29.0,5216
1988-04-16,185.0,184.0,185.0,6.65,29.0,5216
1988-04-17,187.0,186.0,187.0,8.55,29.0,5216
1988-04-18,189.0,188.0,189.0,8.45,29.0,5216
1988-04-19,190.0,189.0,190.0,7.55,29.0,5216
1988-04-20,190.0,190.0,190.0,8.15,29.0,5216
1988-04-21,189.0,188.0,189.0,7.2,29.0,5216
1988-04-22,188.0,187.0,188.0,5.55,29.0,5216
1988-04-23,189.0,189.0,189.0,5.7,29.0,5216
1988-04-24,190.0,189.0,191.0,7.3,29.0,5216
1988-04-25,210.0,203.0,217.0,7.8,29.0,5216
1988-04-26,231.0,220.0,238.0,7.15,29.0,5216
1988-04-27,241.0,239.0,242.0,7.55,29.0,5216
1988-04-28,252.0,242.0,260.0,8.95,29.0,5216
1988-04-29,267.0,265.0,269.0,10.65,29.0,5216
1988-04-30,261.0,257.0,264.0,11.0,29.0,5216
1988-05-01,249.0,245.0,255.0,10.9,29.0,5216
1988-05-02,234.0,225.0,242.0,10.0,29.0,5216
1988-05-03,215.0,208.0,222.0,8.15,29.0,5216
1988-05-04,201.0,199.0,203.0,7.8,29.0,5216
1988-05-05,195.0,194.0,195.0,7.8,29.0,5216
1988-05-06,192.0,191.0,192.0,9.85,29.0,5216
1988-05-07,191.0,191.0,191.0,9.65,29.0,5216
1988-05-08,194.0,193.0,195.0,10.95,29.0,5216
1988-05-09,203.0,200.0,205.0,10.95,29.0,5216
1988-05-10,206.0,206.0,206.0,10.7,29.0,5216
1988-05-11,202.0,201.0,203.0,11.15,29.0,5216
1988-05-12,197.0,195.0,198.0,11.35,29.0,5216
1988-05-13,190.0,189.0,191.0,13.2,29.0,5216
1988-05-14,185.0,184.0,186.0,13.9,29.0,5216
1988-05-15,182.0,181.0,183.0,14.7,29.0,5216
1988-05-16,180.0,180.0,180.0,13.75,29.0,5216
1988-05-17,184.0,183.0,185.0,13.55,29.0,5216
1988-05-18,189.0,187.0,190.0,15.3,29.0,5216
1988-05-19,192.0,191.0,192.0,15.85,29.0,5216
1988-05-20,191.0,190.0,191.0,16.8,29.0,5216
1988-05-21,189.0,188.0,189.0,17.05,29.0,5216
1988-05-22,187.0,187.0,187.0,17.0,29.0,5216
1988-05-23,187.0,187.0,187.0,17.0,29.0,5216
1988-05-24,187.0,187.0,187.0,15.5,29.0,5216
1988-05-25,186.0,185.0,186.0,11.1,29.0,5216
1988-05-26,183.0,182.0,183.0,11.45,29.0,5216
1988-05-27,179.0,178.0,180.0,11.6,29.0,5216
1988-05-28,177.0,176.0,177.0,11.9,29.0,5216
1988-05-29,176.0,175.0,176.0,14.1,29.0,5216
1988-05-30,175.0,175.0,175.0,14.25,29.0,5216
1988-05-31,176.0,175.0,176.0,13.85,29.0,5216
1988-06-01,178.0,177.0,178.0,15.0,29.0,5216
1988-06-02,180.0,179.0,180.0,15.9,29.0,5216
1988-06-03,182.0,181.0,182.0,17.05,29.0,5216
1988-06-04,182.0,181.0,182.0,18.1,29.0,5216
1988-06-05,180.0,179.0,180.0,19.0,29.0,5216
1988-06-06,177.0,176.0,177.0,20.1,29.0,5216
1988-06-07,174.0,173.0,175.0,21.9,29.0,5216
1988-06-08,173.0,173.0,173.0,21.3,29.0,5216
1988-06-09,172.0,172.0,172.0,21.65,29.0,5216
1988-06-10,172.0,172.0,172.0,22.4,29.0,5216
1988-06-11,172.0,172.0,172.0,20.5,29.0,5216
1988-06-12,175.0,174.0,176.0,20.1,29.0,5216
1988-06-13,178.0,177.0,179.0,18.95,29.0,5216
1988-06-14,180.0,180.0,180.0,19.8,29.0,5216
1988-06-15,179.0,178.0,179.0,17.0,29.0,5216
1988-06-16,178.0,177.0,178.0,15.6,29.0,5216
1988-06-17,177.0,176.0,177.0,15.9,29.0,5216
1988-06-18,175.0,175.0,175.0,16.8,29.0,5216
1988-06-19,176.0,175.0,177.0,17.1,29.0,5216
1988-06-20,178.0,177.0,179.0,18.55,29.0,5216
1988-06-21,183.0,181.0,185.0,20.65,29.0,5216
1988-06-22,190.0,187.0,192.0,20.65,29.0,5216
1988-06-23,196.0,195.0,197.0,20.65,29.0,5216
1988-06-24,198.0,197.0,199.0,20.8,29.0,5216
1988-06-25,193.0,191.0,194.0,21.3,29.0,5216
1988-06-26,182.0,179.0,184.0,23.0,29.0,5216
1988-06-27,175.0,171.0,179.0,22.9,29.0,5216
1988-06-28,168.0,166.0,169.0,23.55,29.0,5216
1988-06-29,164.0,163.0,165.0,23.55,29.0,5216
1988-06-30,161.0,160.0,162.0,23.6,29.0,5216
1988-07-01,160.0,160.0,160.0,23.4,29.0,5216
1988-07-02,159.0,159.0,159.0,18.8,29.0,5216
1988-07-03,159.0,159.0,159.0,20.15,29.0,5216
1988-07-04,158.0,158.0,158.0,20.85,29.0,5216
1988-07-05,157.0,157.0,157.0,23.2,29.0,5216
1988-07-06,157.0,157.0,157.0,21.55,29.0,5216
1988-07-07,159.0,157.0,161.0,19.75,29.0,5216
1988-07-08,162.0,161.0,163.0,18.75,29.0,5216
1988-07-09,165.0,164.0,166.0,19.6,29.0,5216
1988-07-10,178.0,171.0,187.0,19.95,29.0,5216
1988-07-11,196.0,190.0,204.0,21.9,29.0,5216
1988-07-12,216.0,206.0,230.0,20.95,29.0,5216
1988-07-13,244.0,234.0,262.0,20.1,29.0,5216
1988-07-14,301.0,271.0,338.0,19.65,29.0,5216
1988-07-15,341.0,340.0,342.0,20.4,29.0,5216
1988-07-16,336.0,333.0,338.0,20.75,29.0,5216
1988-07-17,324.0,320.0,327.0,21.1,29.0,5216
1988-07-18,307.0,303.0,311.0,20.65,29.0,5216
1988-07-19,290.0,279.0,300.0,20.25,29.0,5216
1988-07-20,270.0,260.0,275.0,19.35,29.0,5216
1988-07-21,252.0,243.0,257.0,20.05,29.0,5216
1988-07-22,234.0,226.0,240.0,19.8,29.0,5216
1988-07-23,216.0,206.0,223.0,19.65,29.0,5216
1988-07-24,198.0,195.0,201.0,20.3,29.0,5216
1988-07-25,190.0,188.0,191.0,20.8,29.0,5216
1988-07-26,186.0,185.0,186.0,21.3,29.0,5216
1988-07-27,185.0,185.0,185.0,21.65,29.0,5216
1988-07-28,184.0,183.0,184.0,22.05,29.0,5216
1988-07-29,180.0,178.0,181.0,21.8,29.0,5216
1988-07-30,174.0,173.0,175.0,22.45,29.0,5216
1988-07-31,170.0,169.0,171.0,24.0,29.0,5216
1988-08-01,167.0,166.0,167.0,26.25,29.0,5216
1988-08-02,165.0,164.0,165.0,27.05,29.0,5216
1988-08-03,163.0,163.0,163.0,27.15,29.0,5216
1988-08-04,162.0,161.0,162.0,26.15,29.0,5216
1988-08-05,161.0,161.0,161.0,25.8,29.0,5216
1988-08-06,160.0,159.0,160.0,26.15,29.0,5216
1988-08-07,159.0,158.0,159.0,25.85,29.0,5216
1988-08-08,158.0,158.0,158.0,26.6,29.0,5216
1988-08-09,157.0,157.0,157.0,25.85,29.0,5216
1988-08-10,157.0,156.0,157.0,24.7,29.0,5216
1988-08-11,156.0,155.0,156.0,24.1,29.0,5216
1988-08-12,155.0,155.0,155.0,24.65,29.0,5216
1988-08-13,155.0,155.0,155.0,24.4,29.0,5216
1988-08-14,154.0,154.0,154.0,24.45,29.0,5216
1988-08-15,154.0,154.0,154.0,24.4,29.0,5216
1988-08-16,153.0,153.0,153.0,24.25,29.0,5216
1988-08-17,154.0,153.0,155.0,24.65,29.0,5216
1988-08-18,158.0,157.0,158.0,23.05,29.0,5216
1988-08-19,158.0,157.0,158.0,23.35,29.0,5216
1988-08-20,157.0,156.0,157.0,23.3,29.0,5216
1988-08-21,158.0,157.0,159.0,22.75,29.0,5216
1988-08-22,160.0,159.0,160.0,22.35,29.0,5216
1988-08-23,162.0,161.0,163.0,21.9,29.0,5216
1988-08-24,167.0,165.0,169.0,20.7,29.0,5216
1988-08-25,175.0,173.0,177.0,21.15,29.0,5216
1988-08-26,183.0,178.0,189.0,21.15,29.0,5216
1988-08-27,196.0,191.0,204.0,20.7,29.0,5216
1988-08-28,216.0,208.0,227.0,20.25,29.0,5216
1988-08-29,235.0,231.0,240.0,19.1,29.0,5216
1988-08-30,241.0,240.0,241.0,19.15,29.0,5216
1988-08-31,230.0,221.0,238.0,18.75,29.0,5216
1988-09-01,207.0,201.0,212.0,19.5,29.0,5216
1988-09-02,188.0,182.0,197.0,19.85,29.0,5216
1988-09-03,178.0,177.0,179.0,19.5,29.0,5216
1988-09-04,180.0,179.0,181.0,18.9,29.0,5216
1988-09-05,187.0,185.0,189.0,18.85,29.0,5216
1988-09-06,196.0,194.0,197.0,19.0,29.0,5216
1988-09-07,198.0,197.0,199.0,18.45,29.0,5216
1988-09-08,193.0,191.0,195.0,18.7,29.0,5216
1988-09-09,186.0,184.0,187.0,19.25,29.0,5216
1988-09-10,180.0,179.0,181.0,19.2,29.0,5216
1988-09-11,176.0,174.0,177.0,18.75,29.0,5216
1988-09-12,172.0,171.0,173.0,18.25,29.0,5216
1988-09-13,169.0,169.0,169.0,17.9,29.0,5216
1988-09-14,169.0,168.0,169.0,17.4,29.0,5216
1988-09-15,167.0,166.0,167.0,17.7,29.0,5216
1988-09-16,165.0,164.0,165.0,17.75,29.0,5216
1988-09-17,163.0,162.0,163.0,18.1,29.0,5216
1988-09-18,162.0,161.0,163.0,18.7,29.0,5216
1988-09-19,163.0,163.0,163.0,18.2,29.0,5216
1988-09-20,166.0,164.0,167.0,17.1,29.0,5216
1988-09-21,175.0,172.0,178.0,17.0,29.0,5216
1988-09-22,189.0,180.0,201.0,16.7,29.0,5216
1988-09-23,217.0,206.0,234.0,15.65,29.0,5216
1988-09-24,244.0,239.0,249.0,13.8,29.0,5216
1988-09-25,254.0,254.0,254.0,13.1,29.0,5216
1988-09-26,248.0,245.0,251.0,12.85,29.0,5216
1988-09-27,234.0,224.0,242.0,12.75,29.0,5216
1988-09-28,215.0,203.0,223.0,12.9,29.0,5216
1988-09-29,191.0,182.0,199.0,12.8,29.0,5216
1988-09-30,176.0,172.0,180.0,12.85,29.0,5216
1988-10-01,170.0,169.0,170.0,12.5,29.0,5216
1988-10-02,166.0,165.0,167.0,11.4,29.0,5216
1988-10-03,163.0,163.0,163.0,10.4,29.0,5216
1988-10-04,163.0,163.0,163.0,10.3,29.0,5216
1988-10-05,161.0,161.0,161.0,11.1,29.0,5216
1988-10-06,161.0,161.0,161.0,11.2,29.0,5216
1988-10-07,163.0,163.0,163.0,11.3,29.0,5216
1988-10-08,163.0,163.0,163.0,9.6,29.0,5216
1988-10-09,163.0,163.0,163.0,9.0,29.0,5216
1988-10-10,166.0,165.0,167.0,10.6,29.0,5216
1988-10-11,171.0,168.0,173.0,11.0,29.0,5216
1988-10-12,172.0,170.0,173.0,8.4,29.0,5216
1988-10-13,171.0,171.0,171.0,6.0,29.0,5216
1988-10-14,171.0,170.0,171.0,6.7,29.0,5216
1988-10-15,170.0,170.0,170.0,7.3,29.0,5216
1988-10-16,170.0,169.0,170.0,6.4,29.0,5216
1988-10-17,169.0,168.0,169.0,8.1,29.0,5216
1988-10-18,168.0,167.0,168.0,8.0,29.0,5216
1988-10-19,165.0,164.0,165.0,7.8,29.0,5216
1988-10-20,163.0,162.0,163.0,8.9,29.0,5216
1988-10-21,163.0,162.0,163.0,8.7,29.0,5216
1988-10-22,162.0,161.0,162.0,6.8,29.0,5216
1988-10-23,161.0,160.0,161.0,6.0,29.0,5216
1988-10-24,160.0,160.0,160.0,5.7,29.0,5216
1988-10-25,160.0,160.0,160.0,7.1,29.0,5216
1988-10-26,159.0,159.0,159.0,6.4,29.0,5216
1988-10-27,159.0,159.0,159.0,6.1,29.0,5216
1988-10-28,159.0,159.0,159.0,3.9,29.0,5216
1988-10-29,159.0,159.0,159.0,3.6,29.0,5216
1988-10-30,158.0,158.0,158.0,3.0,29.0,5216
1988-10-31,158.0,158.0,158.0,1.1,29.0,5216
1988-11-01,158.0,158.0,158.0,2.7,29.0,5216
1988-11-02,159.0,159.0,159.0,2.8,29.0,5216
1988-11-03,159.0,159.0,159.0,1.05,2.29,5216
1988-11-04,159.0,159.0,159.0,2.2,29.0,5216
1988-11-05,159.0,159.0,159.0,2.0,29.0,5216
1988-11-06,160.0,160.0,160.0,1.3,2.29,5216
1988-11-07,160.0,160.0,160.0,0.55,2.0,5216
1988-11-08,162.0,161.0,163.0,0.5,2.0,5216
1988-11-09,159.0,159.0,159.0,1.75,29.0,5216
1988-11-10,157.0,153.0,161.0,0.2,2.0,5216
1988-11-11,162.0,161.0,163.0,0.25,15.0,5216
1988-11-12,162.0,158.0,165.0,0.5,15.0,5216
1988-11-13,165.0,159.0,167.0,0.4,,5216
1988-11-14,163.0,163.0,163.0,0.15,15.0,5216
1988-11-15,160.0,160.0,160.0,0.1,15.0,5216
1988-11-16,160.0,160.0,160.0,0.15,15.0,5216
1988-11-17,160.0,160.0,160.0,0.1,15.0,5216
1988-11-18,160.0,160.0,160.0,0.15,15.0,5216
1988-11-19,161.0,160.0,161.0,0.1,15.0,5216
1988-11-20,160.0,159.0,161.0,0.1,15.0,5216
1988-11-21,157.0,156.0,157.0,0.1,15.0,5216
1988-11-22,155.0,155.0,155.0,0.1,16.0,5216
1988-11-23,156.0,154.0,157.0,0.0,16.0,5216
1988-11-24,158.0,157.0,158.0,0.0,16.0,5216
1988-11-25,158.0,156.0,159.0,0.0,16.0,5216
1988-11-26,161.0,161.0,161.0,0.0,16.0,5216
1988-11-27,168.0,162.0,174.0,0.0,16.0,5216
1988-11-28,182.0,179.0,185.0,0.0,16.0,5216
1988-11-29,186.0,185.0,186.0,0.0,16.0,5216
1988-11-30,187.0,187.0,187.0,0.0,16.0,5216
1988-12-01,183.0,183.0,183.0,,16.0,5216
1988-12-02,178.0,178.0,178.0,,16.0,5216
1988-12-03,174.0,174.0,174.0,,16.0,5216
1988-12-04,171.0,171.0,171.0,,16.0,5216
1988-12-05,169.0,169.0,169.0,,16.0,5216
1988-12-06,169.0,169.0,169.0,,16.0,5216
1988-12-07,171.0,171.0,171.0,,16.0,5216
1988-12-08,173.0,173.0,173.0,,16.0,5216
1988-12-09,173.0,173.0,173.0,,16.0,5216
1988-12-10,174.0,174.0,174.0,,16.0,5216
1988-12-11,175.0,175.0,175.0,,16.0,5216
1988-12-12,176.0,176.0,176.0,,16.0,5216
1988-12-13,178.0,178.0,178.0,,16.0,5216
1988-12-14,180.0,180.0,180.0,,16.0,5216
1988-12-15,181.0,181.0,181.0,,16.0,5216
1988-12-16,183.0,183.0,183.0,,16.0,5216
1988-12-17,183.0,183.0,183.0,,16.0,5216
1988-12-18,183.0,183.0,183.0,,16.0,5216
1988-12-19,182.0,182.0,182.0,,16.0,5216
1988-12-20,182.0,182.0,182.0,,16.0,5216
1988-12-21,179.0,179.0,179.0,,16.0,5216
1988-12-22,176.0,176.0,176.0,,16.0,5216
1988-12-23,174.0,174.0,174.0,,16.0,5216
1988-12-24,172.0,172.0,172.0,,16.0,5216
1988-12-25,170.0,170.0,170.0,,16.0,5216
1988-12-26,168.0,168.0,168.0,,16.0,5216
1988-12-27,165.0,165.0,165.0,,16.0,5216
1988-12-28,162.0,162.0,162.0,,16.0,5216
1988-12-29,159.0,159.0,159.0,,16.0,5216
1988-12-30,157.0,157.0,157.0,,16.0,5216
1988-12-31,155.0,155.0,155.0,,16.0,5216
1989-01-01,155.0,155.0,155.0,,16.0,5216
1989-01-02,155.0,155.0,155.0,,16.0,5216
1989-01-03,155.0,155.0,155.0,,16.0,5216
1989-01-04,156.0,156.0,156.0,,16.0,5216
1989-01-05,157.0,157.0,157.0,,16.0,5216
1989-01-06,158.0,158.0,158.0,,16.0,5216
1989-01-07,159.0,159.0,159.0,,16.0,5216
1989-01-08,160.0,160.0,160.0,,16.0,5216
1989-01-09,161.0,161.0,161.0,,16.0,5216
1989-01-10,163.0,163.0,163.0,,16.0,5216
1989-01-11,164.0,164.0,164.0,,16.0,5216
1989-01-12,165.0,165.0,165.0,,16.0,5216
1989-01-13,165.0,165.0,165.0,,16.0,5216
1989-01-14,165.0,165.0,165.0,,16.0,5216
1989-01-15,165.0,165.0,165.0,,16.0,5216
1989-01-16,165.0,165.0,165.0,,16.0,5216
1989-01-17,165.0,165.0,165.0,,16.0,5216
1989-01-18,165.0,165.0,165.0,,16.0,5216
1989-01-19,164.0,164.0,164.0,,16.0,5216
1989-01-20,164.0,164.0,164.0,,16.0,5216
1989-01-21,163.0,163.0,163.0,,16.0,5216
1989-01-22,162.0,162.0,162.0,,16.0,5216
1989-01-23,160.0,160.0,160.0,,16.0,5216
1989-01-24,158.0,158.0,158.0,,16.0,5216
1989-01-25,159.0,159.0,159.0,,16.0,5216
1989-01-26,160.0,160.0,160.0,,16.0,5216
1989-01-27,158.0,158.0,158.0,,16.0,5216
1989-01-28,157.0,157.0,157.0,,16.0,5216
1989-01-29,155.0,155.0,155.0,,16.0,5216
1989-01-30,154.0,154.0,154.0,,16.0,5216
1989-01-31,153.0,153.0,153.0,,16.0,5216
1989-02-01,153.0,153.0,153.0,,16.0,5216
1989-02-02,153.0,153.0,153.0,,16.0,5216
1989-02-03,153.0,153.0,153.0,,16.0,5216
1989-02-04,153.0,153.0,153.0,,16.0,5216
1989-02-05,153.0,153.0,153.0,,16.0,5216
1989-02-06,153.0,153.0,153.0,,16.0,5216
1989-02-07,153.0,153.0,153.0,,16.0,5216
1989-02-08,153.0,153.0,153.0,,16.0,5216
1989-02-09,153.0,153.0,153.0,,16.0,5216
1989-02-10,153.0,153.0,153.0,,16.0,5216
1989-02-11,153.0,153.0,153.0,,16.0,5216
1989-02-12,153.0,153.0,153.0,,16.0,5216
1989-02-13,153.0,153.0,153.0,,16.0,5216
1989-02-14,153.0,153.0,153.0,,16.0,5216
1989-02-15,152.0,152.0,152.0,,16.0,5216
1989-02-16,152.0,152.0,152.0,,16.0,5216
1989-02-17,153.0,153.0,153.0,,16.0,5216
1989-02-18,152.0,152.0,152.0,,16.0,5216
1989-02-19,152.0,152.0,152.0,,16.0,5216
1989-02-20,152.0,152.0,152.0,,16.0,5216
1989-02-21,151.0,151.0,151.0,,16.0,5216
1989-02-22,151.0,151.0,151.0,,16.0,5216
1989-02-23,151.0,151.0,151.0,,16.0,5216
1989-02-24,151.0,151.0,151.0,,16.0,5216
1989-02-25,151.0,151.0,151.0,,16.0,5216
1989-02-26,151.0,151.0,151.0,,16.0,5216
1989-02-27,151.0,151.0,151.0,,16.0,5216
1989-02-28,151.0,151.0,151.0,,16.0,5216
1989-03-01,151.0,151.0,151.0,,16.0,5216
1989-03-02,151.0,151.0,151.0,,16.0,5216
1989-03-03,152.0,152.0,152.0,,16.0,5216
1989-03-04,151.0,151.0,151.0,,16.0,5216
1989-03-05,151.0,151.0,151.0,,16.0,5216
1989-03-06,152.0,152.0,152.0,,16.0,5216
1989-03-07,152.0,152.0,152.0,,16.0,5216
1989-03-08,151.0,151.0,151.0,,16.0,5216
1989-03-09,152.0,151.0,152.0,,16.0,5216
1989-03-10,153.0,152.0,153.0,,16.47,5216
1989-03-11,161.0,154.0,167.0,0.2,16.47,5216
1989-03-12,171.0,165.0,177.0,0.2,16.47,5216
1989-03-13,181.0,178.0,184.0,0.2,16.47,5216
1989-03-14,186.0,185.0,187.0,0.2,47.0,5216
1989-03-15,190.0,189.0,191.0,0.1,16.0,5216
1989-03-16,193.0,193.0,193.0,0.1,16.0,5216
1989-03-17,196.0,194.0,197.0,0.1,16.0,5216
1989-03-18,199.0,198.0,199.0,0.1,16.0,5216
1989-03-19,197.0,195.0,207.0,0.1,16.0,5216
1989-03-20,237.0,209.0,277.0,0.3,,5216
1989-03-21,293.0,289.0,297.0,0.2,24.0,5216
1989-03-22,298.0,297.0,299.0,0.6,,5216
1989-03-23,298.0,295.0,301.0,0.8,25.0,5216
1989-03-24,299.0,297.0,301.0,1.6,26.25,5216
1989-03-25,305.0,303.0,307.0,1.1,26.25,5216
1989-03-26,308.0,305.0,311.0,1.3,29.0,5216
1989-03-27,306.0,305.0,307.0,3.0,29.0,5216
1989-03-28,300.0,299.0,301.0,2.9,29.0,5216
1989-03-29,294.0,293.0,295.0,4.1,29.0,5216
1989-03-30,287.0,284.0,290.0,4.8,29.0,5216
1989-03-31,280.0,279.0,281.0,5.1,29.0,5216
1989-04-01,271.0,268.0,273.0,4.2,29.0,5216
1989-04-02,263.0,257.0,266.0,4.1,29.0,5216
1989-04-03,264.0,263.0,265.0,4.9,29.0,5216
1989-04-04,269.0,265.0,273.0,4.5,29.0,5216
1989-04-05,282.0,279.0,284.0,5.7,29.0,5216
1989-04-06,282.0,280.0,284.0,6.3,29.0,5216
1989-04-07,271.0,267.0,276.0,6.6,29.0,5216
1989-04-08,261.0,254.0,266.0,6.8,29.0,5216
1989-04-09,248.0,245.0,251.0,7.7,29.0,5216
1989-04-10,237.0,230.0,242.0,5.9,29.0,5216
1989-04-11,225.0,223.0,227.0,6.8,29.0,5216
1989-04-12,218.0,216.0,219.0,9.0,29.0,5216
1989-04-13,213.0,211.0,214.0,10.6,29.0,5216
1989-04-14,209.0,208.0,209.0,10.6,29.0,5216
1989-04-15,204.0,203.0,205.0,10.0,29.0,5216
1989-04-16,200.0,199.0,201.0,9.5,29.0,5216
1989-04-17,196.0,195.0,197.0,10.0,29.0,5216
1989-04-18,192.0,191.0,193.0,10.2,29.0,5216
1989-04-19,189.0,188.0,190.0,11.5,29.0,5216
1989-04-20,186.0,185.0,187.0,11.8,29.0,5216
1989-04-21,184.0,183.0,185.0,10.4,29.0,5216
1989-04-22,182.0,181.0,182.0,10.3,29.0,5216
1989-04-23,180.0,179.0,180.0,11.2,29.0,5216
1989-04-24,178.0,177.0,178.0,11.2,29.0,5216
1989-04-25,176.0,175.0,176.0,9.9,29.0,5216
1989-04-26,173.0,172.0,173.0,10.4,29.0,5216
1989-04-27,171.0,171.0,171.0,9.5,29.0,5216
1989-04-28,170.0,170.0,170.0,10.4,29.0,5216
1989-04-29,171.0,170.0,171.0,11.9,29.0,5216
1989-04-30,170.0,170.0,170.0,12.9,29.0,5216
1989-05-01,169.0,168.0,169.0,12.4,29.0,5216
1989-05-02,169.0,169.0,169.0,8.6,29.0,5216
1989-05-03,168.0,168.0,168.0,8.1,29.0,5216
1989-05-04,168.0,167.0,168.0,9.8,29.0,5216
1989-05-05,167.0,167.0,167.0,11.5,29.0,5216
1989-05-06,167.0,166.0,167.0,13.1,29.0,5216
1989-05-07,165.0,165.0,165.0,12.7,29.0,5216
1989-05-08,166.0,165.0,167.0,13.1,29.0,5216
1989-05-09,167.0,166.0,167.0,13.4,29.0,5216
1989-05-10,167.0,167.0,167.0,13.5,29.0,5216
1989-05-11,167.0,167.0,167.0,12.6,29.0,5216
1989-05-12,167.0,166.0,167.0,12.0,29.0,5216
1989-05-13,165.0,165.0,165.0,10.1,29.0,5216
1989-05-14,168.0,166.0,169.0,10.0,29.0,5216
1989-05-15,170.0,169.0,171.0,11.9,29.0,5216
1989-05-16,176.0,173.0,181.0,13.2,29.0,5216
1989-05-17,190.0,185.0,197.0,14.5,29.0,5216
1989-05-18,205.0,200.0,212.0,15.3,29.0,5216
1989-05-19,222.0,216.0,232.0,14.1,29.0,5216
1989-05-20,240.0,236.0,244.0,15.6,29.0,5216
1989-05-21,245.0,244.0,245.0,15.4,29.0,5216
1989-05-22,238.0,233.0,243.0,17.2,29.0,5216
1989-05-23,229.0,223.0,232.0,16.7,29.0,5216
1989-05-24,214.0,206.0,217.0,16.2,29.0,5216
1989-05-25,197.0,189.0,202.0,16.6,29.0,5216
1989-05-26,185.0,181.0,188.0,16.2,29.0,5216
1989-05-27,180.0,178.0,181.0,16.3,29.0,5216
1989-05-28,176.0,175.0,176.0,15.6,29.0,5216
1989-05-29,173.0,173.0,173.0,15.4,29.0,5216
1989-05-30,171.0,170.0,171.0,16.5,29.0,5216
1989-05-31,169.0,169.0,169.0,17.6,29.0,5216
1989-06-01,168.0,167.0,168.0,17.6,29.0,5216
1989-06-02,167.0,166.0,167.0,15.5,29.0,5216
1989-06-03,165.0,165.0,165.0,15.9,29.0,5216
1989-06-04,165.0,164.0,165.0,17.6,29.0,5216
1989-06-05,165.0,164.0,165.0,17.6,29.0,5216
1989-06-06,165.0,165.0,165.0,17.2,29.0,5216
1989-06-07,165.0,165.0,165.0,19.0,29.0,5216
1989-06-08,165.0,164.0,165.0,18.0,29.0,5216
1989-06-09,163.0,163.0,163.0,17.8,29.0,5216
1989-06-10,163.0,163.0,163.0,17.3,29.0,5216
1989-06-11,163.0,163.0,163.0,18.3,29.0,5216
1989-06-12,165.0,165.0,165.0,18.1,29.0,5216
1989-06-13,163.0,163.0,163.0,18.3,29.0,5216
1989-06-14,164.0,163.0,164.0,17.8,29.0,5216
1989-06-15,167.0,166.0,167.0,15.9,29.0,5216
1989-06-16,168.0,167.0,168.0,15.8,29.0,5216
1989-06-17,181.0,172.0,194.0,14.9,29.0,5216
1989-06-18,213.0,197.0,233.0,14.2,29.0,5216
1989-06-19,261.0,238.0,287.0,15.2,29.0,5216
1989-06-20,302.0,290.0,316.0,17.7,29.0,5216
1989-06-21,332.0,318.0,346.0,18.5,29.0,5216
1989-06-22,348.0,347.0,348.0,19.5,29.0,5216
1989-06-23,343.0,341.0,345.0,21.2,29.0,5216
1989-06-24,335.0,332.0,338.0,21.0,29.0,5216
1989-06-25,324.0,320.0,327.0,20.8,29.0,5216
1989-06-26,310.0,306.0,314.0,20.8,29.0,5216
1989-06-27,293.0,287.0,297.0,19.5,29.0,5216
1989-06-28,276.0,266.0,283.0,19.6,29.0,5216
1989-06-29,256.0,246.0,263.0,20.4,29.0,5216
1989-06-30,238.0,235.0,240.0,20.6,29.0,5216
1989-07-01,226.0,217.0,235.0,20.7,29.0,5216
1989-07-02,208.0,199.0,213.0,20.9,29.0,5216
1989-07-03,193.0,188.0,197.0,20.3,29.0,5216
1989-07-04,185.0,183.0,187.0,21.0,29.0,5216
1989-07-05,180.0,179.0,181.0,22.7,29.0,5216
1989-07-06,176.0,175.0,177.0,23.8,29.0,5216
1989-07-07,173.0,172.0,173.0,23.5,29.0,5216
1989-07-08,170.0,169.0,170.0,21.7,29.0,5216
1989-07-09,167.0,167.0,167.0,20.3,29.0,5216
1989-07-10,165.0,165.0,165.0,19.7,29.0,5216
1989-07-11,163.0,163.0,163.0,20.4,29.0,5216
1989-07-12,162.0,162.0,162.0,20.9,29.0,5216
1989-07-13,161.0,161.0,161.0,19.9,29.0,5216
1989-07-14,161.0,161.0,161.0,20.7,29.0,5216
1989-07-15,160.0,160.0,160.0,20.7,29.0,5216
1989-07-16,161.0,160.0,162.0,20.8,29.0,5216
1989-07-17,163.0,163.0,163.0,22.3,29.0,5216
1989-07-18,162.0,161.0,162.0,22.2,29.0,5216
1989-07-19,161.0,161.0,161.0,21.5,29.0,5216
1989-07-20,161.0,161.0,161.0,22.2,29.0,5216
1989-07-21,160.0,160.0,160.0,23.0,29.0,5216
1989-07-22,159.0,159.0,159.0,24.4,29.0,5216
1989-07-23,159.0,159.0,159.0,25.0,29.0,5216
1989-07-24,160.0,159.0,160.0,24.5,29.0,5216
1989-07-25,161.0,160.0,162.0,22.4,29.0,5216
1989-07-26,164.0,162.0,165.0,22.3,29.0,5216
1989-07-27,168.0,167.0,169.0,22.2,29.0,5216
1989-07-28,175.0,171.0,179.0,21.2,29.0,5216
1989-07-29,189.0,181.0,196.0,20.9,29.0,5216
1989-07-30,209.0,198.0,231.0,21.0,29.0,5216
1989-07-31,248.0,238.0,264.0,21.6,29.0,5216
1989-08-01,290.0,264.0,322.0,22.6,29.0,5216
1989-08-02,342.0,327.0,353.0,24.8,29.0,5216
1989-08-03,355.0,355.0,355.0,26.3,29.0,5216
1989-08-04,355.0,354.0,355.0,27.1,29.0,5216
1989-08-05,349.0,345.0,351.0,28.3,29.0,5216
1989-08-06,339.0,332.0,343.0,27.2,29.0,5216
1989-08-07,326.0,319.0,330.0,26.7,29.0,5216
1989-08-08,309.0,300.0,316.0,25.7,29.0,5216
1989-08-09,289.0,279.0,299.0,25.3,29.0,5216
1989-08-10,269.0,259.0,277.0,24.4,29.0,5216
1989-08-11,251.0,242.0,256.0,23.4,29.0,5216
1989-08-12,234.0,229.0,239.0,22.7,29.0,5216
1989-08-13,224.0,217.0,228.0,23.2,29.0,5216
1989-08-14,210.0,197.0,219.0,23.0,29.0,5216
1989-08-15,194.0,191.0,197.0,23.2,29.0,5216
1989-08-16,183.0,181.0,185.0,23.7,29.0,5216
1989-08-17,178.0,176.0,179.0,23.4,29.0,5216
1989-08-18,174.0,173.0,175.0,23.3,29.0,5216
1989-08-19,172.0,171.0,172.0,21.7,29.0,5216
1989-08-20,173.0,170.0,175.0,21.2,29.0,5216
1989-08-21,196.0,194.0,197.0,19.3,29.0,5216
1989-08-22,197.0,197.0,197.0,20.3,29.0,5216
1989-08-23,199.0,197.0,200.0,20.2,29.0,5216
1989-08-24,205.0,203.0,207.0,20.2,29.0,5216
1989-08-25,216.0,213.0,219.0,19.9,29.0,5216
1989-08-26,230.0,225.0,235.0,20.5,29.0,5216
1989-08-27,249.0,245.0,253.0,20.7,29.0,5216
1989-08-28,262.0,261.0,262.0,21.4,29.0,5216
1989-08-29,259.0,256.0,261.0,22.0,29.0,5216
1989-08-30,245.0,241.0,249.0,21.9,29.0,5216
1989-08-31,234.0,231.0,237.0,19.9,29.0,5216
1989-09-01,221.0,217.0,225.0,20.2,29.0,5216
1989-09-02,225.0,214.0,263.0,19.3,29.0,5216
1989-09-03,271.0,269.0,276.0,18.5,29.0,5216
1989-09-04,287.0,280.0,300.0,17.9,29.0,5216
1989-09-05,325.0,308.0,345.0,18.8,29.0,5216
1989-09-06,351.0,351.0,355.0,20.0,29.0,5216
1989-09-07,356.0,355.0,357.0,20.6,29.0,5216
1989-09-08,354.0,352.0,355.0,21.6,29.0,5216
1989-09-09,346.0,345.0,347.0,21.3,29.0,5216
1989-09-10,340.0,339.0,340.0,20.5,29.0,5216
1989-09-11,332.0,330.0,333.0,19.7,29.0,5216
1989-09-12,340.0,339.0,341.0,18.5,29.0,5216
1989-09-13,341.0,341.0,341.0,18.5,29.0,5216
1989-09-14,338.0,337.0,339.0,18.1,29.0,5216
1989-09-15,336.0,335.0,337.0,17.7,29.0,5216
1989-09-16,343.0,341.0,344.0,16.8,29.0,5216
1989-09-17,341.0,339.0,342.0,16.3,29.0,5216
1989-09-18,332.0,328.0,336.0,16.3,29.0,5216
1989-09-19,323.0,317.0,326.0,15.4,29.0,5216
1989-09-20,310.0,302.0,315.0,14.3,29.0,5216
1989-09-21,295.0,290.0,300.0,12.3,29.0,5216
1989-09-22,288.0,284.0,289.0,12.3,29.0,5216
1989-09-23,284.0,283.0,284.0,13.6,29.0,5216
1989-09-24,294.0,289.0,299.0,14.8,29.0,5216
1989-09-25,308.0,306.0,309.0,14.6,29.0,5216
1989-09-26,312.0,311.0,312.0,14.1,29.0,5216
1989-09-27,315.0,314.0,315.0,13.4,29.0,5216
1989-09-28,320.0,319.0,321.0,13.0,29.0,5216
1989-09-29,324.0,323.0,324.0,12.4,29.0,5216
1989-09-30,322.0,321.0,323.0,12.1,29.0,5216
1989-10-01,316.0,314.0,320.0,12.3,29.0,5216
1989-10-02,308.0,306.0,310.0,12.4,29.0,5216
1989-10-03,302.0,300.0,303.0,12.0,29.0,5216
1989-10-04,296.0,295.0,297.0,12.9,29.0,5216
1989-10-05,294.0,293.0,295.0,12.3,29.0,5216
1989-10-06,285.0,283.0,287.0,11.4,29.0,5216
1989-10-07,274.0,271.0,277.0,9.6,29.0,5216
1989-10-08,263.0,260.0,265.0,8.5,29.0,5216
1989-10-09,253.0,250.0,255.0,8.4,29.0,5216
1989-10-10,244.0,242.0,245.0,9.3,29.0,5216
1989-10-11,237.0,235.0,239.0,10.2,29.0,5216
1989-10-12,232.0,231.0,233.0,10.0,29.0,5216
1989-10-13,227.0,226.0,228.0,10.1,29.0,5216
1989-10-14,223.0,221.0,224.0,10.2,29.0,5216
1989-10-15,218.0,217.0,219.0,10.6,29.0,5216
1989-10-16,219.0,219.0,219.0,7.6,29.0,5216
1989-10-17,217.0,216.0,217.0,4.9,29.0,5216
1989-10-18,216.0,215.0,216.0,4.7,29.0,5216
1989-10-19,215.0,215.0,215.0,5.7,29.0,5216
1989-10-20,218.0,217.0,218.0,4.8,29.0,5216
1989-10-21,223.0,221.0,225.0,5.8,29.0,5216
1989-10-22,230.0,228.0,231.0,6.7,29.0,5216
1989-10-23,236.0,235.0,237.0,6.6,29.0,5216
1989-10-24,236.0,235.0,237.0,6.3,29.0,5216
1989-10-25,232.0,231.0,233.0,6.9,29.0,5216
1989-10-26,226.0,223.0,228.0,6.8,29.0,5216
1989-10-27,221.0,220.0,222.0,5.8,29.0,5216
1989-10-28,215.0,213.0,216.0,6.6,29.0,5216
1989-10-29,209.0,207.0,211.0,5.3,29.0,5216
1989-10-30,204.0,203.0,205.0,5.8,29.0,5216
1989-10-31,202.0,200.0,202.0,5.6,29.0,5216
1989-11-01,198.0,197.0,199.0,2.6,29.0,5216
1989-11-02,196.0,195.0,196.0,2.8,29.0,5216
1989-11-03,194.0,193.0,194.0,4.8,29.0,5216
1989-11-04,193.0,193.0,193.0,4.6,29.0,5216
1989-11-05,192.0,192.0,192.0,4.1,29.0,5216
1989-11-06,193.0,192.0,193.0,2.5,29.0,5216
1989-11-07,197.0,196.0,197.0,2.6,29.0,5216
1989-11-08,199.0,198.0,199.0,2.8,29.0,5216
1989-11-09,201.0,200.0,201.0,1.6,29.0,5216
1989-11-10,202.0,200.0,204.0,0.6,2.0,5216
1989-11-11,206.0,204.0,207.0,0.4,2.0,5216
1989-11-12,209.0,207.0,211.0,0.7,2.0,5216
1989-11-13,215.0,213.0,217.0,0.4,2.0,5216
1989-11-14,230.0,225.0,235.0,0.2,15.0,5216
1989-11-15,219.0,217.0,221.0,0.0,16.0,5216
1989-11-16,214.0,211.0,216.0,0.0,16.0,5216
1989-11-17,204.0,203.0,205.0,0.0,16.0,5216
1989-11-18,200.0,199.0,201.0,0.0,16.0,5216
1989-11-19,195.0,193.0,197.0,0.0,16.0,5216
1989-11-20,189.0,188.0,189.0,0.0,16.0,5216
1989-11-21,185.0,184.0,186.0,0.0,16.0,5216
1989-11-22,181.0,181.0,181.0,0.0,16.0,5216
1989-11-23,180.0,180.0,180.0,0.0,16.0,5216
1989-11-24,179.0,178.0,179.0,0.0,16.0,5216
1989-11-25,177.0,176.0,178.0,0.0,16.0,5216
1989-11-26,173.0,172.0,174.0,0.0,16.0,5216
1989-11-27,173.0,172.0,173.0,0.0,16.0,5216
1989-11-28,174.0,171.0,177.0,0.0,16.0,5216
1989-11-29,179.0,178.0,180.0,0.0,16.0,5216
1989-11-30,176.0,175.0,177.0,0.0,16.0,5216
1989-12-01,173.0,173.0,173.0,,16.0,5216
1989-12-02,173.0,173.0,173.0,,16.0,5216
1989-12-03,173.0,173.0,173.0,,47.0,5216
1989-12-04,173.0,173.0,173.0,,16.0,5216
1989-12-05,172.0,172.0,172.0,,16.0,5216
1989-12-06,172.0,172.0,172.0,,16.0,5216
1989-12-07,173.0,173.0,173.0,,16.0,5216
1989-12-08,173.0,173.0,173.0,,16.0,5216
1989-12-09,172.0,172.0,172.0,,16.0,5216
1989-12-10,171.0,171.0,171.0,,16.0,5216
1989-12-11,170.0,170.0,170.0,,16.0,5216
1989-12-12,169.0,169.0,169.0,,16.0,5216
1989-12-13,168.0,168.0,168.0,,16.0,5216
1989-12-14,167.0,167.0,167.0,,16.0,5216
1989-12-15,167.0,167.0,167.0,,16.0,5216
1989-12-16,167.0,167.0,167.0,,16.0,5216
1989-12-17,167.0,167.0,167.0,,16.0,5216
1989-12-18,167.0,167.0,167.0,,16.0,5216
1989-12-19,166.0,166.0,166.0,,16.0,5216
1989-12-20,166.0,166.0,166.0,,16.0,5216
1989-12-21,166.0,166.0,166.0,,16.0,5216
1989-12-22,167.0,167.0,167.0,,16.0,5216
1989-12-23,174.0,174.0,174.0,,16.0,5216
1989-12-24,177.0,177.0,177.0,,16.0,5216
1989-12-25,179.0,179.0,179.0,,16.0,5216
1989-12-26,181.0,181.0,181.0,,16.0,5216
1989-12-27,183.0,183.0,183.0,,16.0,5216
1989-12-28,184.0,184.0,184.0,,16.0,5216
1989-12-29,185.0,185.0,185.0,,16.0,5216
1989-12-30,187.0,187.0,187.0,,16.0,5216
1989-12-31,189.0,189.0,189.0,,16.0,5216
1990-01-01,190.0,190.0,190.0,,16.0,5216
1990-01-02,191.0,191.0,191.0,,16.0,5216
1990-01-03,191.0,191.0,191.0,,16.0,5216
1990-01-04,192.0,192.0,192.0,,16.0,5216
1990-01-05,193.0,193.0,193.0,,16.0,5216
1990-01-06,194.0,194.0,194.0,,16.0,5216
1990-01-07,194.0,194.0,194.0,,16.0,5216
1990-01-08,195.0,195.0,195.0,,16.0,5216
1990-01-09,195.0,195.0,195.0,,16.0,5216
1990-01-10,197.0,197.0,197.0,,16.0,5216
1990-01-11,199.0,199.0,199.0,,16.0,5216
1990-01-12,199.0,199.0,199.0,,16.0,5216
1990-01-13,200.0,200.0,200.0,,16.0,5216
1990-01-14,201.0,201.0,201.0,,16.0,5216
1990-01-15,201.0,201.0,201.0,,16.0,5216
1990-01-16,201.0,201.0,201.0,,16.0,5216
1990-01-17,198.0,198.0,198.0,,16.0,5216
1990-01-18,195.0,195.0,195.0,,16.0,5216
1990-01-19,191.0,191.0,191.0,,16.0,5216
1990-01-20,187.0,187.0,187.0,,16.0,5216
1990-01-21,182.0,182.0,182.0,,16.0,5216
1990-01-22,177.0,177.0,177.0,,16.0,5216
1990-01-23,172.0,172.0,172.0,,16.0,5216
1990-01-24,167.0,167.0,167.0,,16.0,5216
1990-01-25,160.0,160.0,160.0,,16.0,5216
1990-01-26,153.0,153.0,153.0,,16.0,5216
1990-01-27,152.0,152.0,152.0,,16.0,5216
1990-01-28,152.0,152.0,152.0,,16.0,5216
1990-01-29,151.0,151.0,151.0,,16.0,5216
1990-01-30,150.0,150.0,150.0,,16.0,5216
1990-01-31,150.0,150.0,150.0,,33.0,5216
1990-02-01,150.0,150.0,150.0,,33.0,5216
1990-02-02,149.0,149.0,149.0,,33.0,5216
1990-02-03,148.0,148.0,148.0,,33.0,5216
1990-02-04,147.0,147.0,147.0,,33.0,5216
1990-02-05,146.0,146.0,146.0,,33.0,5216
1990-02-06,145.0,145.0,145.0,,33.0,5216
1990-02-07,144.0,144.0,144.0,,33.0,5216
1990-02-08,143.0,143.0,143.0,,33.0,5216
1990-02-09,142.0,142.0,142.0,,33.0,5216
1990-02-10,141.0,141.0,141.0,,33.0,5216
1990-02-11,140.0,140.0,140.0,,33.0,5216
1990-02-12,140.0,140.0,140.0,,33.0,5216
1990-02-13,139.0,139.0,139.0,,33.0,5216
1990-02-14,138.0,138.0,138.0,,33.0,5216
1990-02-15,137.0,137.0,137.0,,33.0,5216
1990-02-16,136.0,136.0,136.0,,33.0,5216
1990-02-17,135.0,135.0,135.0,,33.0,5216
1990-02-18,134.0,134.0,134.0,,33.0,5216
1990-02-19,133.0,133.0,133.0,,33.0,5216
1990-02-20,134.0,134.0,134.0,,33.0,5216
1990-02-21,135.0,135.0,135.0,,33.0,5216
1990-02-22,135.0,135.0,135.0,,33.0,5216
1990-02-23,134.0,134.0,134.0,,33.0,5216
1990-02-24,134.0,134.0,134.0,,33.0,5216
1990-02-25,133.0,133.0,133.0,,33.0,5216
1990-02-26,133.0,133.0,133.0,,33.0,5216
1990-02-27,132.0,132.0,132.0,,33.0,5216
1990-02-28,132.0,132.0,132.0,,33.0,5216
1990-03-01,132.0,131.0,132.0,,33.0,5216
1990-03-02,131.0,130.0,131.0,,33.0,5216
1990-03-03,129.0,129.0,129.0,,33.0,5216
1990-03-04,128.0,128.0,128.0,,33.0,5216
1990-03-05,127.0,127.0,127.0,,33.0,5216
1990-03-06,129.0,127.0,130.0,,33.0,5216
1990-03-07,129.0,129.0,129.0,,33.0,5216
1990-03-08,128.0,128.0,128.0,,33.0,5216
1990-03-09,129.0,127.0,130.0,,33.0,5216
1990-03-10,139.0,137.0,140.0,,16.33,5216
1990-03-11,143.0,141.0,144.0,0.1,16.0,5216
1990-03-12,155.0,153.0,156.0,0.0,16.0,5216
1990-03-13,164.0,156.0,171.0,0.0,16.0,5216
1990-03-14,175.0,174.0,176.0,0.0,16.0,5216
1990-03-15,195.0,176.0,214.0,0.1,16.0,5216
1990-03-16,281.0,230.0,332.0,0.2,24.0,5216
1990-03-17,348.0,338.0,357.0,0.2,24.0,5216
1990-03-18,326.0,321.0,331.0,0.1,24.0,5216
1990-03-19,326.0,324.0,327.0,0.1,24.0,5216
1990-03-20,341.0,332.0,349.0,0.25,24.0,5216
1990-03-21,356.0,354.0,357.0,0.2,24.0,5216
1990-03-22,365.0,357.0,372.0,0.8,25.24,5216
1990-03-23,375.0,374.0,375.0,0.7,29.25,5216
1990-03-24,368.0,367.0,369.0,0.6,29.0,5216
1990-03-25,362.0,359.0,364.0,1.8,29.0,5216
1990-03-26,354.0,351.0,356.0,2.85,29.0,5216
1990-03-27,348.0,347.0,348.0,4.0,29.0,5216
1990-03-28,343.0,342.0,344.0,4.5,29.0,5216
1990-03-29,340.0,339.0,341.0,5.25,29.0,5216
1990-03-30,336.0,334.0,337.0,4.9,29.0,5216
1990-03-31,330.0,329.0,331.0,5.15,29.0,5216
1990-04-01,326.0,325.0,327.0,5.6,29.0,5216
1990-04-02,318.0,316.0,319.0,6.6,29.0,5216
1990-04-03,312.0,311.0,313.0,5.6,29.0,5216
1990-04-04,306.0,304.0,307.0,4.0,29.0,5216
1990-04-05,299.0,296.0,301.0,3.8,29.0,5216
1990-04-06,290.0,287.0,292.0,5.0,29.0,5216
1990-04-07,281.0,278.0,283.0,6.3,29.0,5216
1990-04-08,276.0,275.0,276.0,4.3,29.0,5216
1990-04-09,281.0,278.0,283.0,5.3,29.0,5216
1990-04-10,293.0,287.0,299.0,6.5,29.0,5216
1990-04-11,312.0,309.0,315.0,7.0,29.0,5216
1990-04-12,319.0,319.0,319.0,8.9,29.0,5216
1990-04-13,314.0,312.0,316.0,8.2,29.0,5216
1990-04-14,304.0,301.0,307.0,5.8,29.0,5216
1990-04-15,296.0,295.0,297.0,4.5,29.0,5216
1990-04-16,308.0,299.0,312.0,4.2,29.0,5216
1990-04-17,328.0,315.0,336.0,5.7,29.0,5216
1990-04-18,338.0,338.0,339.0,7.9,29.0,5216
1990-04-19,338.0,336.0,339.0,9.9,29.0,5216
1990-04-20,329.0,325.0,332.0,9.8,29.0,5216
1990-04-21,318.0,314.0,321.0,10.3,29.0,5216
1990-04-22,304.0,300.0,307.0,10.5,29.0,5216
1990-04-23,293.0,290.0,295.0,10.3,29.0,5216
1990-04-24,278.0,275.0,281.0,9.7,29.0,5216
1990-04-25,269.0,267.0,271.0,9.2,29.0,5216
1990-04-26,263.0,261.0,265.0,9.3,29.0,5216
1990-04-27,258.0,257.0,259.0,9.2,29.0,5216
1990-04-28,254.0,253.0,255.0,9.6,29.0,5216
1990-04-29,250.0,248.0,251.0,10.9,29.0,5216
1990-04-30,245.0,244.0,246.0,11.5,29.0,5216
1990-05-01,240.0,239.0,241.0,11.15,29.0,5216
1990-05-02,233.0,231.0,235.0,10.5,29.0,5216
1990-05-03,227.0,225.0,228.0,9.7,29.0,5216
1990-05-04,222.0,221.0,223.0,9.0,29.0,5216
1990-05-05,218.0,217.0,219.0,9.1,29.0,5216
1990-05-06,215.0,214.0,215.0,11.45,29.0,5216
1990-05-07,213.0,213.0,213.0,12.5,29.0,5216
1990-05-08,214.0,213.0,215.0,13.5,29.0,5216
1990-05-09,216.0,215.0,217.0,12.95,29.0,5216
1990-05-10,222.0,221.0,223.0,13.95,29.0,5216
1990-05-11,228.0,227.0,228.0,14.75,29.0,5216
1990-05-12,229.0,228.0,229.0,15.85,29.0,5216
1990-05-13,227.0,227.0,227.0,16.6,29.0,5216
1990-05-14,226.0,225.0,227.0,16.7,29.0,5216
1990-05-15,226.0,225.0,226.0,16.3,29.0,5216
1990-05-16,228.0,227.0,228.0,16.6,29.0,5216
1990-05-17,229.0,229.0,229.0,17.35,29.0,5216
1990-05-18,227.0,226.0,227.0,16.1,29.0,5216
1990-05-19,227.0,227.0,227.0,15.55,29.0,5216
1990-05-20,227.0,225.0,228.0,15.2,29.0,5216
1990-05-21,245.0,232.0,255.0,12.9,29.0,5216
1990-05-22,273.0,259.0,294.0,10.9,29.0,5216
1990-05-23,313.0,301.0,331.0,12.05,29.0,5216
1990-05-24,342.0,339.0,345.0,14.4,29.0,5216
1990-05-25,340.0,338.0,341.0,17.5,29.0,5216
1990-05-26,331.0,328.0,334.0,19.2,29.0,5216
1990-05-27,318.0,315.0,321.0,19.3,29.0,5216
1990-05-28,304.0,301.0,307.0,18.65,29.0,5216
1990-05-29,289.0,285.0,293.0,17.5,29.0,5216
1990-05-30,272.0,267.0,276.0,17.3,29.0,5216
1990-05-31,256.0,253.0,259.0,18.4,29.0,5216
1990-06-01,247.0,245.0,249.0,17.85,29.0,5216
1990-06-02,236.0,233.0,239.0,18.1,29.0,5216
1990-06-03,230.0,229.0,231.0,19.4,29.0,5216
1990-06-04,227.0,227.0,227.0,19.8,29.0,5216
1990-06-05,233.0,230.0,235.0,18.4,29.0,5216
1990-06-06,245.0,241.0,249.0,16.5,29.0,5216
1990-06-07,259.0,257.0,261.0,16.1,29.0,5216
1990-06-08,268.0,267.0,268.0,16.6,29.0,5216
1990-06-09,271.0,270.0,271.0,15.9,29.0,5216
1990-06-10,269.0,267.0,270.0,16.15,29.0,5216
1990-06-11,262.0,261.0,263.0,17.15,29.0,5216
1990-06-12,262.0,261.0,263.0,17.35,29.0,5216
1990-06-13,267.0,265.0,269.0,19.5,29.0,5216
1990-06-14,277.0,274.0,279.0,19.2,29.0,5216
1990-06-15,284.0,283.0,285.0,18.9,29.0,5216
1990-06-16,284.0,283.0,285.0,20.15,29.0,5216
1990-06-17,277.0,274.0,279.0,20.2,29.0,5216
1990-06-18,265.0,261.0,269.0,19.0,29.0,5216
1990-06-19,256.0,255.0,257.0,19.2,29.0,5216
1990-06-20,250.0,247.0,253.0,20.8,29.0,5216
1990-06-21,242.0,241.0,243.0,21.15,29.0,5216
1990-06-22,241.0,241.0,241.0,20.5,29.0,5216
1990-06-23,241.0,241.0,241.0,20.3,29.0,5216
1990-06-24,245.0,243.0,246.0,20.25,29.0,5216
1990-06-25,250.0,249.0,251.0,20.85,29.0,5216
1990-06-26,252.0,252.0,252.0,21.3,29.0,5216
1990-06-27,251.0,249.0,252.0,22.2,29.0,5216
1990-06-28,242.0,238.0,245.0,21.6,29.0,5216
1990-06-29,228.0,224.0,231.0,20.9,29.0,5216
1990-06-30,210.0,203.0,215.0,21.0,29.0,5216
1990-07-01,198.0,195.0,201.0,21.0,29.0,5216
1990-07-02,188.0,185.0,190.0,21.65,29.0,5216
1990-07-03,181.0,179.0,183.0,21.45,29.0,5216
1990-07-04,177.0,176.0,177.0,20.0,29.0,5216
1990-07-05,175.0,175.0,175.0,20.95,29.0,5216
1990-07-06,174.0,174.0,174.0,22.25,29.0,5216
1990-07-07,175.0,174.0,175.0,22.7,29.0,5216
1990-07-08,178.0,174.0,181.0,21.2,29.0,5216
1990-07-09,184.0,183.0,185.0,20.7,29.0,5216
1990-07-10,193.0,191.0,195.0,20.95,29.0,5216
1990-07-11,203.0,201.0,204.0,20.75,29.0,5216
1990-07-12,207.0,205.0,208.0,20.5,29.0,5216
1990-07-13,218.0,215.0,221.0,20.35,29.0,5216
1990-07-14,230.0,227.0,232.0,20.0,29.0,5216
1990-07-15,242.0,237.0,247.0,20.65,29.0,5216
1990-07-16,262.0,257.0,267.0,20.5,29.0,5216
1990-07-17,278.0,269.0,290.0,20.95,29.0,5216
1990-07-18,298.0,293.0,307.0,21.0,29.0,5216
1990-07-19,313.0,311.0,315.0,21.6,29.0,5216
1990-07-20,314.0,312.0,315.0,21.75,29.0,5216
1990-07-21,302.0,298.0,305.0,21.15,29.0,5216
1990-07-22,281.0,275.0,287.0,22.25,29.0,5216
1990-07-23,260.0,247.0,271.0,23.9,29.0,5216
1990-07-24,237.0,228.0,243.0,24.2,29.0,5216
1990-07-25,219.0,215.0,223.0,23.55,29.0,5216
1990-07-26,204.0,201.0,207.0,22.45,29.0,5216
1990-07-27,193.0,191.0,195.0,21.0,29.0,5216
1990-07-28,191.0,188.0,193.0,20.6,29.0,5216
1990-07-29,192.0,191.0,192.0,21.55,29.0,5216
1990-07-30,191.0,190.0,191.0,23.0,29.0,5216
1990-07-31,194.0,192.0,195.0,23.05,29.0,5216
1990-08-01,201.0,196.0,206.0,24.2,29.0,5216
1990-08-02,218.0,213.0,222.0,24.9,29.0,5216
1990-08-03,240.0,235.0,245.0,25.2,29.0,5216
1990-08-04,255.0,253.0,256.0,25.2,29.0,5216
1990-08-05,254.0,252.0,255.0,25.3,29.0,5216
1990-08-06,248.0,246.0,249.0,25.5,29.0,5216
1990-08-07,243.0,241.0,244.0,25.9,29.0,5216
1990-08-08,241.0,241.0,241.0,25.0,29.0,5216
1990-08-09,257.0,241.0,276.0,23.7,29.0,5216
1990-08-10,291.0,280.0,312.0,21.6,29.0,5216
1990-08-11,337.0,323.0,351.0,21.9,29.0,5216
1990-08-12,351.0,351.0,351.0,22.0,29.0,5216
1990-08-13,353.0,352.0,354.0,22.0,29.0,5216
1990-08-14,356.0,355.0,357.0,22.7,29.0,5216
1990-08-15,358.0,357.0,361.0,22.9,29.0,5216
1990-08-16,384.0,381.0,385.0,23.6,29.0,5216
1990-08-17,379.0,377.0,381.0,24.2,29.0,5216
1990-08-18,371.0,369.0,372.0,25.3,29.0,5216
1990-08-19,365.0,363.0,366.0,24.1,29.0,5216
1990-08-20,357.0,354.0,359.0,22.6,29.0,5216
1990-08-21,348.0,345.0,350.0,24.0,29.0,5216
1990-08-22,346.0,345.0,346.0,22.5,29.0,5216
1990-08-23,377.0,350.0,412.0,21.9,29.0,5216
1990-08-24,427.0,414.0,439.0,21.6,29.0,5216
1990-08-25,403.0,395.0,407.0,22.0,29.0,5216
1990-08-26,384.0,381.0,387.0,21.3,29.0,5216
1990-08-27,374.0,371.0,377.0,21.1,29.0,5216
1990-08-28,364.0,361.0,367.0,21.6,29.0,5216
1990-08-29,356.0,353.0,358.0,20.6,29.0,5216
1990-08-30,347.0,345.0,348.0,21.0,29.0,5216
1990-08-31,339.0,337.0,341.0,22.1,29.0,5216
1990-09-01,327.0,324.0,329.0,22.3,29.0,5216
1990-09-02,319.0,319.0,319.0,21.3,29.0,5216
1990-09-03,332.0,327.0,336.0,19.4,29.0,5216
1990-09-04,359.0,355.0,362.0,19.5,29.0,5216
1990-09-05,373.0,371.0,375.0,19.5,29.0,5216
1990-09-06,370.0,367.0,372.0,21.1,29.0,5216
1990-09-07,360.0,357.0,362.0,22.0,29.0,5216
1990-09-08,348.0,345.0,351.0,21.4,29.0,5216
1990-09-09,339.0,337.0,341.0,20.8,29.0,5216
1990-09-10,326.0,322.0,329.0,19.8,29.0,5216
1990-09-11,312.0,309.0,315.0,19.9,29.0,5216
1990-09-12,300.0,297.0,303.0,19.6,29.0,5216
1990-09-13,289.0,287.0,291.0,18.9,29.0,5216
1990-09-14,281.0,279.0,282.0,17.5,29.0,5216
1990-09-15,280.0,279.0,281.0,17.6,29.0,5216
1990-09-16,283.0,280.0,285.0,16.3,29.0,5216
1990-09-17,297.0,294.0,299.0,17.0,29.0,5216
1990-09-18,311.0,307.0,315.0,16.6,29.0,5216
1990-09-19,331.0,325.0,337.0,15.8,29.0,5216
1990-09-20,336.0,335.0,337.0,15.5,29.0,5216
1990-09-21,330.0,329.0,331.0,14.9,29.0,5216
1990-09-22,327.0,326.0,327.0,15.0,29.0,5216
1990-09-23,322.0,320.0,324.0,14.9,29.0,5216
1990-09-24,311.0,307.0,314.0,14.7,29.0,5216
1990-09-25,296.0,290.0,301.0,14.3,29.0,5216
1990-09-26,281.0,277.0,285.0,14.0,29.0,5216
1990-09-27,268.0,265.0,271.0,14.7,29.0,5216
1990-09-28,257.0,255.0,259.0,14.2,29.0,5216
1990-09-29,250.0,248.0,251.0,15.4,29.0,5216
1990-09-30,242.0,240.0,245.0,15.5,29.0,5216
1990-10-01,239.0,239.0,239.0,14.1,29.0,5216
1990-10-02,236.0,236.0,236.0,13.95,29.0,5216
1990-10-03,238.0,236.0,239.0,14.7,29.0,5216
1990-10-04,246.0,243.0,249.0,14.7,29.0,5216
1990-10-05,259.0,257.0,261.0,14.8,29.0,5216
1990-10-06,266.0,265.0,267.0,14.25,29.0,5216
1990-10-07,265.0,264.0,267.0,13.15,29.0,5216
1990-10-08,257.0,255.0,258.0,11.0,29.0,5216
1990-10-09,247.0,245.0,249.0,9.0,29.0,5216
1990-10-10,239.0,237.0,241.0,8.65,29.0,5216
1990-10-11,232.0,230.0,233.0,8.95,29.0,5216
1990-10-12,224.0,222.0,225.0,10.25,29.0,5216
1990-10-13,218.0,216.0,219.0,12.0,29.0,5216
1990-10-14,212.0,211.0,213.0,12.2,29.0,5216
1990-10-15,208.0,207.0,209.0,11.5,29.0,5216
1990-10-16,204.0,203.0,205.0,11.1,29.0,5216
1990-10-17,204.0,202.0,205.0,10.9,29.0,5216
1990-10-18,205.0,205.0,205.0,10.4,29.0,5216
1990-10-19,206.0,201.0,206.0,10.15,29.0,5216
1990-10-20,208.0,207.0,208.0,9.8,29.0,5216
1990-10-21,210.0,209.0,211.0,9.5,29.0,5216
1990-10-22,217.0,214.0,219.0,9.15,29.0,5216
1990-10-23,229.0,225.0,233.0,8.9,29.0,5216
1990-10-24,241.0,238.0,243.0,8.75,29.0,5216
1990-10-25,245.0,244.0,245.0,7.85,29.0,5216
1990-10-26,239.0,237.0,241.0,7.15,29.0,5216
1990-10-27,231.0,229.0,233.0,6.45,29.0,5216
1990-10-28,222.0,220.0,224.0,6.0,29.0,5216
1990-10-29,218.0,217.0,219.0,6.0,29.0,5216
1990-10-30,212.0,211.0,212.0,7.7,29.0,5216
1990-10-31,211.0,210.0,211.0,8.55,29.0,5216
1990-11-01,209.0,208.0,209.0,8.9,29.0,5216
1990-11-02,205.0,204.0,205.0,6.65,29.0,5216
1990-11-03,203.0,202.0,203.0,4.3,29.0,5216
1990-11-04,202.0,201.0,202.0,4.0,29.0,5216
1990-11-05,201.0,201.0,201.0,3.9,29.0,5216
1990-11-06,201.0,200.0,201.0,3.3,29.0,5216
1990-11-07,200.0,199.0,200.0,3.05,29.0,5216
1990-11-08,199.0,199.0,199.0,2.95,29.0,5216
1990-11-09,198.0,198.0,198.0,2.25,29.0,5216
1990-11-10,205.0,196.0,219.0,0.25,2.0,5216
1990-11-11,215.0,200.0,234.0,0.25,15.0,5216
1990-11-12,198.0,197.0,199.0,0.1,15.0,5216
1990-11-13,194.0,193.0,195.0,0.3,15.0,5216
1990-11-14,192.0,191.0,192.0,0.3,15.0,5216
1990-11-15,191.0,191.0,191.0,0.2,15.0,5216
1990-11-16,191.0,190.0,191.0,0.2,15.0,5216
1990-11-17,190.0,190.0,190.0,0.15,15.0,5216
1990-11-18,189.0,188.0,189.0,0.15,15.0,5216
1990-11-19,187.0,186.0,187.0,0.0,15.0,5216
1990-11-20,186.0,186.0,186.0,0.0,15.0,5216
1990-11-21,194.0,189.0,199.0,0.0,16.15,5216
1990-11-22,187.0,186.0,187.0,0.1,15.0,5216
1990-11-23,185.0,184.0,185.0,0.1,15.0,5216
1990-11-24,183.0,183.0,183.0,0.2,15.0,5216
1990-11-25,183.0,183.0,183.0,0.1,15.0,5216
1990-11-26,182.0,181.0,182.0,0.1,15.0,5216
1990-11-27,181.0,180.0,181.0,0.15,15.0,5216
1990-11-28,181.0,181.0,181.0,0.4,15.0,5216
1990-11-29,181.0,181.0,181.0,0.15,15.0,5216
1990-11-30,181.0,181.0,181.0,0.1,15.0,5216
1990-12-01,181.0,181.0,181.0,,16.0,5216
1990-12-02,195.0,195.0,195.0,,16.0,5216
1990-12-03,192.0,192.0,192.0,,16.0,5216
1990-12-04,185.0,185.0,185.0,,16.0,5216
1990-12-05,185.0,185.0,185.0,,16.0,5216
1990-12-06,187.0,187.0,187.0,,16.0,5216
1990-12-07,189.0,189.0,189.0,,16.0,5216
1990-12-08,187.0,187.0,187.0,,16.0,5216
1990-12-09,186.0,186.0,186.0,,16.0,5216
1990-12-10,186.0,186.0,186.0,,16.0,5216
1990-12-11,187.0,187.0,187.0,,16.0,5216
1990-12-12,189.0,189.0,189.0,,16.0,5216
1990-12-13,189.0,189.0,189.0,,16.0,5216
1990-12-14,189.0,189.0,189.0,,16.0,5216
1990-12-15,189.0,189.0,189.0,,16.0,5216
1990-12-16,188.0,188.0,188.0,,16.0,5216
1990-12-17,188.0,188.0,188.0,,16.0,5216
1990-12-18,188.0,188.0,188.0,,16.0,5216
1990-12-19,188.0,188.0,188.0,,16.0,5216
1990-12-20,188.0,188.0,188.0,,16.0,5216
1990-12-21,188.0,188.0,188.0,,16.0,5216
1990-12-22,190.0,190.0,190.0,,16.0,5216
1990-12-23,192.0,192.0,192.0,,16.0,5216
1990-12-24,192.0,192.0,192.0,,16.0,5216
1990-12-25,193.0,193.0,193.0,,16.0,5216
1990-12-26,194.0,194.0,194.0,,16.0,5216
1990-12-27,195.0,195.0,195.0,,16.0,5216
1990-12-28,194.0,194.0,194.0,,16.0,5216
1990-12-29,193.0,193.0,193.0,,16.0,5216
1990-12-30,193.0,193.0,193.0,,16.0,5216
1990-12-31,192.0,192.0,192.0,,16.0,5216
1991-01-01,192.0,192.0,,,16.0,5216
1991-01-02,190.0,190.0,,,16.0,5216
1991-01-03,188.0,188.0,,,16.0,5216
1991-01-04,186.0,186.0,,,16.0,5216
1991-01-05,184.0,184.0,,,16.0,5216
1991-01-06,182.0,182.0,,,16.0,5216
1991-01-07,180.0,180.0,,,16.0,5216
1991-01-08,178.0,178.0,,,16.0,5216
1991-01-09,176.0,176.0,,,16.0,5216
1991-01-10,175.0,175.0,,,16.0,5216
1991-01-11,173.0,173.0,,,33.0,5216
1991-01-12,171.0,171.0,,,33.0,5216
1991-01-13,169.0,169.0,,,33.0,5216
1991-01-14,168.0,168.0,,,33.0,5216
1991-01-15,167.0,167.0,,,33.0,5216
1991-01-16,167.0,167.0,,,33.0,5216
1991-01-17,166.0,166.0,,,33.0,5216
1991-01-18,166.0,166.0,,,33.0,5216
1991-01-19,166.0,166.0,,,33.0,5216
1991-01-20,166.0,166.0,,,33.0,5216
1991-01-21,165.0,165.0,,,33.0,5216
1991-01-22,165.0,165.0,,,33.0,5216
1991-01-23,165.0,165.0,,,33.0,5216
1991-01-24,165.0,165.0,,,33.0,5216
1991-01-25,164.0,164.0,,,33.0,5216
1991-01-26,164.0,164.0,,,33.0,5216
1991-01-27,164.0,164.0,,,33.0,5216
1991-01-28,163.0,163.0,,,33.0,5216
1991-01-29,163.0,163.0,,,33.0,5216
1991-01-30,162.0,162.0,,,33.0,5216
1991-01-31,161.0,161.0,,,33.0,5216
1991-02-01,160.0,160.0,,,16.33,5216
1991-02-02,159.0,159.0,,,16.33,5216
1991-02-03,158.0,158.0,,,16.33,5216
1991-02-04,157.0,157.0,,,16.33,5216
1991-02-05,156.0,156.0,,,16.33,5216
1991-02-06,154.0,154.0,,,16.33,5216
1991-02-07,153.0,153.0,,,16.33,5216
1991-02-08,152.0,152.0,,,16.33,5216
1991-02-09,151.0,151.0,,,16.33,5216
1991-02-10,150.0,150.0,,,16.33,5216
1991-02-11,149.0,149.0,,,16.33,5216
1991-02-12,148.0,148.0,,,16.33,5216
1991-02-13,147.0,147.0,,,16.33,5216
1991-02-14,146.0,146.0,,,16.33,5216
1991-02-15,145.0,145.0,,,16.33,5216
1991-02-16,144.0,144.0,,,16.33,5216
1991-02-17,143.0,143.0,,,16.33,5216
1991-02-18,142.0,142.0,,,16.33,5216
1991-02-19,141.0,141.0,,,16.33,5216
1991-02-20,140.0,140.0,,,16.33,5216
1991-02-21,139.0,139.0,,,16.33,5216
1991-02-22,138.0,138.0,,,16.33,5216
1991-02-23,137.0,137.0,,,16.33,5216
1991-02-24,136.0,136.0,,,16.33,5216
1991-02-25,135.0,135.0,,,16.33,5216
1991-02-26,134.0,134.0,,,16.33,5216
1991-02-27,133.0,133.0,,,16.33,5216
1991-02-28,132.0,132.0,,,16.33,5216
1991-03-01,131.0,131.0,131.0,,16.33,5216
1991-03-02,131.0,131.0,131.0,,16.33,5216
1991-03-03,132.0,131.0,132.0,,16.33,5216
1991-03-04,135.0,132.0,138.0,,16.33,5216
1991-03-05,140.0,138.0,142.0,,16.33,5216
1991-03-06,143.0,142.0,144.0,,16.33,5216
1991-03-07,145.0,145.0,145.0,,16.33,5216
1991-03-08,144.0,144.0,144.0,,16.33,5216
1991-03-09,143.0,142.0,143.0,,16.33,5216
1991-03-10,140.0,139.0,140.0,,16.33,5216
1991-03-11,138.0,138.0,138.0,,16.33,5216
1991-03-12,139.0,138.0,140.0,,16.33,5216
1991-03-13,140.0,139.0,140.0,,16.33,5216
1991-03-14,138.0,138.0,138.0,,16.33,5216
1991-03-15,138.0,137.0,138.0,,16.33,5216
1991-03-16,137.0,136.0,137.0,,16.33,5216
1991-03-17,139.0,137.0,141.0,,16.33,5216
1991-03-18,143.0,136.0,150.0,0.1,16.33,5216
1991-03-19,151.0,150.0,152.0,0.1,16.33,5216
1991-03-20,151.0,150.0,152.0,0.0,16.33,5216
1991-03-21,148.0,147.0,148.0,0.0,16.33,5216
1991-03-22,146.0,146.0,146.0,0.1,16.33,5216
1991-03-23,150.0,145.0,155.0,0.1,16.33,5216
1991-03-24,159.0,156.0,162.0,0.2,16.33,5216
1991-03-25,182.0,160.0,203.0,0.2,16.33,5216
1991-03-26,225.0,208.0,241.0,0.1,24.0,5216
1991-03-27,264.0,256.0,271.0,0.1,24.0,5216
1991-03-28,298.0,293.0,302.0,0.1,24.16,5216
1991-03-29,320.0,317.0,323.0,0.0,24.16,5216
1991-03-30,327.0,327.0,327.0,0.2,,5216
1991-03-31,321.0,315.0,326.0,0.6,25.0,5216
1991-04-01,303.0,296.0,309.0,0.7,25.16,5216
1991-04-02,281.0,277.0,285.0,0.9,25.16,5216
1991-04-03,266.0,261.0,271.0,1.5,25.0,5216
1991-04-04,254.0,251.0,257.0,2.1,29.0,5216
1991-04-05,246.0,245.0,247.0,2.2,29.0,5216
1991-04-06,246.0,245.0,246.0,2.0,29.0,5216
1991-04-07,251.0,249.0,252.0,1.8,29.0,5216
1991-04-08,255.0,254.0,255.0,2.5,29.0,5216
1991-04-09,257.0,256.0,257.0,4.2,29.0,5216
1991-04-10,255.0,254.0,255.0,4.4,29.0,5216
1991-04-11,249.0,247.0,251.0,5.5,29.0,5216
1991-04-12,242.0,239.0,244.0,6.3,29.0,5216
1991-04-13,239.0,239.0,239.0,4.4,29.0,5216
1991-04-14,239.0,239.0,239.0,5.6,29.0,5216
1991-04-15,243.0,240.0,245.0,6.4,29.0,5216
1991-04-16,256.0,251.0,261.0,7.4,29.0,5216
1991-04-17,273.0,270.0,275.0,8.9,29.0,5216
1991-04-18,280.0,279.0,281.0,8.0,29.0,5216
1991-04-19,278.0,276.0,279.0,6.9,29.0,5216
1991-04-20,269.0,266.0,271.0,4.6,29.0,5216
1991-04-21,255.0,251.0,259.0,5.7,29.0,5216
1991-04-22,242.0,239.0,244.0,6.8,29.0,5216
1991-04-23,232.0,231.0,233.0,8.6,29.0,5216
1991-04-24,228.0,227.0,229.0,9.1,29.0,5216
1991-04-25,226.0,225.0,227.0,9.3,29.0,5216
1991-04-26,231.0,229.0,232.0,9.1,29.0,5216
1991-04-27,236.0,235.0,237.0,8.6,29.0,5216
1991-04-28,239.0,238.0,240.0,8.6,29.0,5216
1991-04-29,242.0,241.0,243.0,10.1,29.0,5216
1991-04-30,247.0,245.0,249.0,9.5,29.0,5216
1991-05-01,258.0,255.0,261.0,9.8,29.0,5216
1991-05-02,266.0,265.0,267.0,7.4,29.0,5216
1991-05-03,272.0,269.0,275.0,8.4,29.0,5216
1991-05-04,291.0,284.0,298.0,10.6,29.0,5216
1991-05-05,324.0,319.0,329.0,13.3,29.0,5216
1991-05-06,327.0,325.0,328.0,14.2,29.0,5216
1991-05-07,318.0,315.0,321.0,12.5,29.0,5216
1991-05-08,308.0,305.0,311.0,12.7,29.0,5216
1991-05-09,295.0,293.0,297.0,12.4,29.0,5216
1991-05-10,291.0,291.0,291.0,12.5,29.0,5216
1991-05-11,296.0,293.0,299.0,13.2,29.0,5216
1991-05-12,308.0,305.0,310.0,14.4,29.0,5216
1991-05-13,310.0,309.0,311.0,15.5,29.0,5216
1991-05-14,304.0,301.0,307.0,16.1,29.0,5216
1991-05-15,292.0,289.0,295.0,8.8,29.0,5216
1991-05-16,280.0,277.0,283.0,16.6,29.0,5216
1991-05-17,269.0,267.0,271.0,17.2,29.0,5216
1991-05-18,259.0,257.0,261.0,17.1,29.0,5216
1991-05-19,250.0,247.0,253.0,17.4,29.0,5216
1991-05-20,239.0,236.0,242.0,17.1,29.0,5216
1991-05-21,229.0,227.0,231.0,16.4,29.0,5216
1991-05-22,223.0,221.0,224.0,14.8,29.0,5216
1991-05-23,216.0,214.0,217.0,15.1,29.0,5216
1991-05-24,210.0,208.0,211.0,13.8,29.0,5216
1991-05-25,204.0,203.0,205.0,13.6,29.0,5216
1991-05-26,200.0,198.0,201.0,13.9,29.0,5216
1991-05-27,196.0,195.0,196.0,14.8,29.0,5216
1991-05-28,192.0,191.0,193.0,15.8,29.0,5216
1991-05-29,189.0,188.0,189.0,15.9,29.0,5216
1991-05-30,186.0,185.0,187.0,16.3,29.0,5216
1991-05-31,185.0,185.0,185.0,16.8,29.0,5216
1991-06-01,182.0,181.0,183.0,16.5,29.0,5216
1991-06-02,181.0,181.0,181.0,17.5,29.0,5216
1991-06-03,181.0,180.0,181.0,18.7,29.0,5216
1991-06-04,179.0,179.0,179.0,17.7,29.0,5216
1991-06-05,180.0,179.0,180.0,17.0,29.0,5216
1991-06-06,179.0,179.0,179.0,18.9,29.0,5216
1991-06-07,177.0,177.0,177.0,20.5,29.0,5216
1991-06-08,175.0,175.0,175.0,20.7,29.0,5216
1991-06-09,175.0,174.0,175.0,19.8,29.0,5216
1991-06-10,176.0,175.0,176.0,20.4,29.0,5216
1991-06-11,175.0,175.0,175.0,21.0,29.0,5216
1991-06-12,177.0,177.0,177.0,21.1,29.0,5216
1991-06-13,179.0,178.0,179.0,19.8,29.0,5216
1991-06-14,179.0,179.0,179.0,21.2,29.0,5216
1991-06-15,181.0,181.0,181.0,22.1,29.0,5216
1991-06-16,183.0,182.0,183.0,23.0,29.0,5216
1991-06-17,184.0,183.0,185.0,21.4,29.0,5216
1991-06-18,191.0,189.0,193.0,20.0,29.0,5216
1991-06-19,198.0,197.0,199.0,20.1,29.0,5216
1991-06-20,201.0,201.0,201.0,20.5,29.0,5216
1991-06-21,199.0,199.0,199.0,19.3,29.0,5216
1991-06-22,198.0,197.0,198.0,20.2,29.0,5216
1991-06-23,198.0,198.0,198.0,21.4,29.0,5216
1991-06-24,199.0,199.0,199.0,22.0,29.0,5216
1991-06-25,199.0,198.0,199.0,23.0,29.0,5216
1991-06-26,196.0,195.0,196.0,23.3,29.0,5216
1991-06-27,193.0,193.0,193.0,22.8,29.0,5216
1991-06-28,193.0,192.0,193.0,23.3,29.0,5216
1991-06-29,191.0,190.0,191.0,22.9,29.0,5216
1991-06-30,188.0,187.0,189.0,22.7,29.0,5216
1991-07-01,184.0,183.0,185.0,21.7,29.0,5216
1991-07-02,180.0,179.0,180.0,21.0,29.0,5216
1991-07-03,176.0,175.0,176.0,22.6,29.0,5216
1991-07-04,174.0,173.0,174.0,23.4,29.0,5216
1991-07-05,173.0,172.0,173.0,24.1,29.0,5216
1991-07-06,173.0,173.0,173.0,23.0,29.0,5216
1991-07-07,173.0,172.0,173.0,22.5,29.0,5216
1991-07-08,177.0,175.0,179.0,22.5,29.0,5216
1991-07-09,181.0,181.0,181.0,20.4,29.0,5216
1991-07-10,189.0,187.0,191.0,20.3,29.0,5216
1991-07-11,203.0,197.0,208.0,21.3,29.0,5216
1991-07-12,223.0,217.0,228.0,22.0,29.0,5216
1991-07-13,239.0,236.0,241.0,21.2,29.0,5216
1991-07-14,248.0,247.0,249.0,20.6,29.0,5216
1991-07-15,251.0,250.0,251.0,19.9,29.0,5216
1991-07-16,256.0,250.0,271.0,19.2,29.0,5216
1991-07-17,286.0,275.0,317.0,19.0,29.0,5216
1991-07-18,350.0,340.0,363.0,20.7,29.0,5216
1991-07-19,367.0,365.0,368.0,21.5,29.0,5216
1991-07-20,371.0,371.0,371.0,21.2,29.0,5216
1991-07-21,367.0,365.0,369.0,21.4,29.0,5216
1991-07-22,361.0,359.0,363.0,20.4,29.0,5216
1991-07-23,352.0,350.0,353.0,21.7,29.0,5216
1991-07-24,355.0,351.0,359.0,21.8,29.0,5216
1991-07-25,363.0,361.0,365.0,23.3,29.0,5216
1991-07-26,369.0,367.0,370.0,24.0,29.0,5216
1991-07-27,370.0,369.0,371.0,23.8,29.0,5216
1991-07-28,367.0,367.0,367.0,24.0,29.0,5216
1991-07-29,365.0,364.0,365.0,24.1,29.0,5216
1991-07-30,361.0,359.0,363.0,22.2,29.0,5216
1991-07-31,355.0,355.0,355.0,22.2,29.0,5216
1991-08-01,355.0,354.0,355.0,23.0,29.0,5216
1991-08-02,368.0,365.0,370.0,24.0,29.0,5216
1991-08-03,370.0,369.0,371.0,24.3,29.0,5216
1991-08-04,364.0,363.0,365.0,23.9,29.0,5216
1991-08-05,358.0,354.0,361.0,23.4,29.0,5216
1991-08-06,350.0,347.0,353.0,22.8,29.0,5216
1991-08-07,338.0,335.0,341.0,22.9,29.0,5216
1991-08-08,323.0,319.0,327.0,22.7,29.0,5216
1991-08-09,307.0,302.0,311.0,22.2,29.0,5216
1991-08-10,290.0,286.0,294.0,21.8,29.0,5216
1991-08-11,274.0,270.0,277.0,21.7,29.0,5216
1991-08-12,259.0,255.0,262.0,22.5,29.0,5216
1991-08-13,246.0,242.0,249.0,22.3,29.0,5216
1991-08-14,231.0,227.0,235.0,22.2,29.0,5216
1991-08-15,218.0,215.0,220.0,23.2,29.0,5216
1991-08-16,208.0,207.0,209.0,23.5,29.0,5216
1991-08-17,201.0,200.0,202.0,23.3,29.0,5216
1991-08-18,197.0,196.0,197.0,23.1,29.0,5216
1991-08-19,195.0,195.0,195.0,23.3,29.0,5216
1991-08-20,195.0,195.0,195.0,24.0,29.0,5216
1991-08-21,195.0,195.0,195.0,23.9,29.0,5216
1991-08-22,198.0,197.0,199.0,23.9,29.0,5216
1991-08-23,202.0,202.0,202.0,24.1,29.0,5216
1991-08-24,201.0,199.0,202.0,24.1,29.0,5216
1991-08-25,196.0,195.0,197.0,23.8,29.0,5216
1991-08-26,192.0,187.0,197.0,21.3,29.0,5216
1991-08-27,184.0,183.0,185.0,20.8,29.0,5216
1991-08-28,181.0,180.0,181.0,20.8,29.0,5216
1991-08-29,178.0,177.0,179.0,20.9,29.0,5216
1991-08-30,177.0,176.0,177.0,21.1,29.0,5216
1991-08-31,175.0,174.0,175.0,21.2,29.0,5216
1991-09-01,174.0,173.0,175.0,20.9,29.0,5216
1991-09-02,175.0,175.0,175.0,21.5,29.0,5216
1991-09-03,175.0,175.0,175.0,21.9,29.0,5216
1991-09-04,175.0,174.0,175.0,22.0,29.0,5216
1991-09-05,173.0,173.0,173.0,20.9,29.0,5216
1991-09-06,173.0,173.0,173.0,19.5,29.0,5216
1991-09-07,173.0,173.0,173.0,19.1,29.0,5216
1991-09-08,172.0,172.0,172.0,18.8,29.0,5216
1991-09-09,172.0,172.0,172.0,19.5,29.0,5216
1991-09-10,172.0,171.0,172.0,19.1,29.0,5216
1991-09-11,171.0,171.0,171.0,19.8,29.0,5216
1991-09-12,170.0,170.0,170.0,18.5,29.0,5216
1991-09-13,169.0,169.0,169.0,17.9,29.0,5216
1991-09-14,169.0,169.0,169.0,17.1,29.0,5216
1991-09-15,169.0,168.0,169.0,16.7,29.0,5216
1991-09-16,167.0,167.0,167.0,16.0,29.0,5216
1991-09-17,167.0,167.0,167.0,16.6,29.0,5216
1991-09-18,167.0,167.0,167.0,16.6,29.0,5216
1991-09-19,167.0,167.0,167.0,17.3,29.0,5216
1991-09-20,167.0,167.0,167.0,16.9,29.0,5216
1991-09-21,167.0,167.0,167.0,16.3,29.0,5216
1991-09-22,167.0,167.0,167.0,14.6,29.0,5216
1991-09-23,167.0,167.0,167.0,14.5,29.0,5216
1991-09-24,166.0,166.0,166.0,15.0,29.0,5216
1991-09-25,165.0,165.0,165.0,14.4,29.0,5216
1991-09-26,165.0,165.0,165.0,14.0,29.0,5216
1991-09-27,165.0,165.0,165.0,15.1,29.0,5216
1991-09-28,165.0,165.0,165.0,13.7,29.0,5216
1991-09-29,165.0,165.0,165.0,12.9,29.0,5216
1991-09-30,166.0,166.0,166.0,13.7,29.0,5216
1991-10-01,168.0,167.0,168.0,14.3,29.0,5216
1991-10-02,170.0,169.0,170.0,15.3,29.0,5216
1991-10-03,169.0,169.0,169.0,13.9,29.0,5216
1991-10-04,168.0,168.0,168.0,12.3,29.0,5216
1991-10-05,168.0,168.0,168.0,12.0,29.0,5216
1991-10-06,167.0,167.0,167.0,11.8,29.0,5216
1991-10-07,168.0,167.0,168.0,12.2,29.0,5216
1991-10-08,168.0,168.0,168.0,12.0,29.0,5216
1991-10-09,167.0,167.0,167.0,11.4,29.0,5216
1991-10-10,167.0,167.0,167.0,11.7,29.0,5216
1991-10-11,168.0,167.0,168.0,12.0,29.0,5216
1991-10-12,167.0,167.0,167.0,12.5,29.0,5216
1991-10-13,167.0,167.0,167.0,11.9,29.0,5216
1991-10-14,167.0,167.0,167.0,9.7,29.0,5216
1991-10-15,167.0,167.0,167.0,6.3,29.0,5216
1991-10-16,167.0,167.0,167.0,6.2,29.0,5216
1991-10-17,168.0,167.0,169.0,6.4,29.0,5216
1991-10-18,172.0,171.0,172.0,7.0,29.0,5216
1991-10-19,174.0,173.0,175.0,7.8,29.0,5216
1991-10-20,179.0,177.0,180.0,6.4,29.0,5216
1991-10-21,183.0,182.0,184.0,5.1,29.0,5216
1991-10-22,187.0,187.0,187.0,4.4,29.0,5216
1991-10-23,192.0,191.0,193.0,4.1,29.0,5216
1991-10-24,197.0,195.0,199.0,4.6,29.0,5216
1991-10-25,196.0,194.0,197.0,6.3,29.0,5216
1991-10-26,192.0,192.0,192.0,6.8,29.0,5216
1991-10-27,191.0,189.0,192.0,6.4,29.0,5216
1991-10-28,186.0,185.0,186.0,6.6,29.0,5216
1991-10-29,184.0,184.0,184.0,5.7,29.0,5216
1991-10-30,185.0,184.0,186.0,5.8,29.0,5216
1991-10-31,189.0,188.0,189.0,3.7,29.0,5216
1991-11-01,196.0,195.0,197.0,3.6,29.0,5216
1991-11-02,202.0,201.0,202.0,3.3,29.0,5216
1991-11-03,203.0,201.0,204.0,3.0,29.0,5216
1991-11-04,197.0,196.0,198.0,0.7,2.0,5216
1991-11-05,193.0,191.0,194.0,0.3,2.0,5216
1991-11-06,185.0,183.0,186.0,0.5,,5216
1991-11-07,183.0,183.0,183.0,0.3,2.0,5216
1991-11-08,182.0,181.0,183.0,0.2,2.0,5216
1991-11-09,179.0,179.0,179.0,0.1,15.0,5216
1991-11-10,182.0,180.0,183.0,0.2,15.0,5216
1991-11-11,189.0,189.0,189.0,0.2,15.0,5216
1991-11-12,187.0,185.0,189.0,0.2,15.0,5216
1991-11-13,181.0,180.0,181.0,0.2,15.0,5216
1991-11-14,180.0,179.0,180.0,0.1,15.0,5216
1991-11-15,181.0,181.0,181.0,0.1,15.0,5216
1991-11-16,178.0,177.0,179.0,0.2,15.0,5216
1991-11-17,175.0,174.0,175.0,0.3,15.0,5216
1991-11-18,174.0,173.0,175.0,0.2,15.0,5216
1991-11-19,173.0,173.0,173.0,0.2,15.0,5216
1991-11-20,172.0,172.0,172.0,0.2,15.0,5216
1991-11-21,171.0,171.0,171.0,0.2,15.0,5216
1991-11-22,172.0,172.0,172.0,0.1,15.0,5216
1991-11-23,172.0,172.0,172.0,0.0,15.0,5216
1991-11-24,172.0,172.0,172.0,0.0,15.0,5216
1991-11-25,172.0,172.0,172.0,0.0,15.0,5216
1991-11-26,171.0,171.0,171.0,0.0,15.0,5216
1991-11-27,170.0,170.0,170.0,0.2,15.0,5216
1991-11-28,169.0,169.0,169.0,0.2,15.0,5216
1991-11-29,169.0,169.0,169.0,0.2,15.0,5216
1991-11-30,168.0,168.0,168.0,0.1,15.0,5216
1991-12-01,167.0,167.0,,,15.0,5216
1991-12-02,167.0,167.0,,,15.0,5216
1991-12-03,167.0,167.0,,,15.0,5216
1991-12-04,167.0,167.0,,,15.0,5216
1991-12-05,168.0,168.0,,,16.0,5216
1991-12-06,168.0,168.0,,,16.0,5216
1991-12-07,169.0,169.0,,,16.0,5216
1991-12-08,169.0,169.0,,,16.0,5216
1991-12-09,168.0,168.0,,,16.0,5216
1991-12-10,167.0,167.0,,,16.0,5216
1991-12-11,166.0,166.0,,,16.0,5216
1991-12-12,165.0,165.0,,,16.0,5216
1991-12-13,165.0,165.0,,,16.0,5216
1991-12-14,165.0,165.0,,,16.0,5216
1991-12-15,165.0,165.0,,,16.0,5216
1991-12-16,165.0,165.0,,,16.0,5216
1991-12-17,164.0,164.0,,,16.0,5216
1991-12-18,163.0,163.0,,,16.0,5216
1991-12-19,162.0,162.0,,,16.0,5216
1991-12-20,161.0,161.0,,,16.0,5216
1991-12-21,160.0,160.0,,,16.0,5216
1991-12-22,160.0,160.0,,,16.0,5216
1991-12-23,161.0,161.0,,,16.0,5216
1991-12-24,162.0,162.0,,,16.0,5216
1991-12-25,163.0,163.0,,,16.0,5216
1991-12-26,165.0,165.0,,,16.0,5216
1991-12-27,166.0,166.0,,,16.0,5216
1991-12-28,164.0,164.0,,,16.0,5216
1991-12-29,163.0,163.0,,,16.0,5216
1991-12-30,162.0,162.0,,,16.0,5216
1991-12-31,160.0,160.0,,,16.0,5216
1992-01-01,159.0,159.0,,,16.0,5216
1992-01-02,158.0,158.0,,,16.0,5216
1992-01-03,157.0,157.0,,,16.0,5216
1992-01-04,156.0,156.0,,,16.0,5216
1992-01-05,155.0,155.0,,,16.0,5216
1992-01-06,154.0,154.0,,,16.0,5216
1992-01-07,153.0,153.0,,,16.0,5216
1992-01-08,152.0,152.0,,,16.0,5216
1992-01-09,149.0,149.0,,,16.0,5216
1992-01-10,146.0,146.0,,,16.0,5216
1992-01-11,143.0,143.0,,,16.33,5216
1992-01-12,143.0,143.0,,,16.33,5216
1992-01-13,143.0,143.0,,,16.33,5216
1992-01-14,142.0,142.0,,,16.33,5216
1992-01-15,141.0,141.0,,,16.33,5216
1992-01-16,140.0,140.0,,,16.33,5216
1992-01-17,139.0,139.0,,,16.33,5216
1992-01-18,138.0,138.0,,,16.33,5216
1992-01-19,136.0,136.0,,,16.33,5216
1992-01-20,135.0,135.0,,,16.33,5216
1992-01-21,134.0,134.0,,,16.33,5216
1992-01-22,132.0,132.0,,,16.33,5216
1992-01-23,129.0,129.0,,,16.33,5216
1992-01-24,126.0,126.0,,,16.33,5216
1992-01-25,123.0,123.0,,,16.33,5216
1992-01-26,121.0,121.0,,,16.33,5216
1992-01-27,118.0,118.0,,,16.33,5216
1992-01-28,118.0,118.0,,,16.33,5216
1992-01-29,118.0,118.0,,,16.33,5216
1992-01-30,118.0,118.0,,,16.33,5216
1992-01-31,118.0,118.0,,,16.33,5216
1992-02-01,118.0,118.0,,,33.0,5216
1992-02-02,117.0,117.0,,,33.0,5216
1992-02-03,116.0,116.0,,,33.0,5216
1992-02-04,115.0,115.0,,,33.0,5216
1992-02-05,114.0,114.0,,,33.0,5216
1992-02-06,113.0,113.0,,,33.0,5216
1992-02-07,112.0,112.0,,,33.0,5216
1992-02-08,112.0,112.0,,,33.0,5216
1992-02-09,111.0,111.0,,,33.0,5216
1992-02-10,109.0,109.0,,,33.0,5216
1992-02-11,106.0,106.0,,,33.0,5216
1992-02-12,104.0,104.0,,,33.0,5216
1992-02-13,103.0,103.0,,,33.0,5216
1992-02-14,102.0,102.0,,,33.0,5216
1992-02-15,101.0,101.0,,,33.0,5216
1992-02-16,100.0,100.0,,,33.0,5216
1992-02-17,100.0,100.0,,,33.0,5216
1992-02-18,99.0,99.0,,,33.0,5216
1992-02-19,98.0,98.0,,,33.0,5216
1992-02-20,96.0,96.0,,,33.0,5216
1992-02-21,95.0,95.0,,,33.0,5216
1992-02-22,94.0,94.0,,,33.0,5216
1992-02-23,93.0,93.0,,,33.0,5216
1992-02-24,93.0,93.0,,,33.0,5216
1992-02-25,92.0,92.0,,,33.0,5216
1992-02-26,92.0,92.0,,,33.0,5216
1992-02-27,92.0,92.0,,,33.0,5216
1992-02-28,122.0,122.0,,,33.0,5216
1992-02-29,123.0,123.0,,,33.0,5216
1992-03-01,118.0,116.0,120.0,,33.0,5216
1992-03-02,111.0,110.0,112.0,,33.0,5216
1992-03-03,105.0,104.0,106.0,,33.0,5216
1992-03-04,101.0,100.0,101.0,,33.0,5216
1992-03-05,98.0,97.0,98.0,,33.0,5216
1992-03-06,97.0,97.0,97.0,,33.0,5216
1992-03-07,96.0,96.0,96.0,,33.0,5216
1992-03-08,96.0,96.0,96.0,,33.0,5216
1992-03-09,101.0,96.0,106.0,,16.33,5216
1992-03-10,105.0,104.0,106.0,,16.0,5216
1992-03-11,102.0,101.0,102.0,,16.0,5216
1992-03-12,104.0,101.0,106.0,,16.0,5216
1992-03-13,110.0,109.0,111.0,,16.0,5216
1992-03-14,114.0,112.0,115.0,,16.0,5216
1992-03-15,114.0,113.0,114.0,,16.0,5216
1992-03-16,112.0,111.0,112.0,,16.0,5216
1992-03-17,110.0,109.0,110.0,,16.0,5216
1992-03-18,111.0,110.0,111.0,,16.0,5216
1992-03-19,112.0,112.0,112.0,,16.0,5216
1992-03-20,112.0,112.0,112.0,,16.0,5216
1992-03-21,112.0,112.0,112.0,,33.0,5216
1992-03-22,112.0,111.0,112.0,,33.0,5216
1992-03-23,115.0,112.0,117.0,,33.0,5216
1992-03-24,121.0,118.0,124.0,,16.33,5216
1992-03-25,127.0,126.0,128.0,,33.0,5216
1992-03-26,129.0,128.0,129.0,,33.0,5216
1992-03-27,134.0,130.0,137.0,,16.33,5216
1992-03-28,184.0,181.0,187.0,0.2,24.0,5216
1992-03-29,191.0,189.0,193.0,0.3,24.0,5216
1992-03-30,198.0,195.0,200.0,0.4,24.16,5216
1992-03-31,203.0,203.0,203.0,0.6,26.16,5216
1992-04-01,203.0,201.0,205.0,0.7,26.16,5216
1992-04-02,207.0,205.0,212.0,0.8,26.16,5216
1992-04-03,201.0,200.0,202.0,2.6,26.16,5216
1992-04-04,198.0,197.0,199.0,4.5,16.0,5216
1992-04-05,194.0,193.0,195.0,5.0,29.16,5216
1992-04-06,193.0,193.0,193.0,3.6,29.0,5216
1992-04-07,191.0,190.0,192.0,2.5,29.0,5216
1992-04-08,187.0,186.0,188.0,4.0,29.0,5216
1992-04-09,183.0,181.0,184.0,5.4,29.0,5216
1992-04-10,180.0,179.0,181.0,5.3,29.0,5216
1992-04-11,177.0,177.0,177.0,5.9,29.0,5216
1992-04-12,177.0,177.0,177.0,5.9,29.0,5216
1992-04-13,176.0,176.0,176.0,5.7,29.0,5216
1992-04-14,175.0,174.0,175.0,6.0,29.0,5216
1992-04-15,173.0,173.0,173.0,6.3,29.0,5216
1992-04-16,173.0,173.0,173.0,7.1,29.0,5216
1992-04-17,176.0,173.0,179.0,7.3,29.0,5216
1992-04-18,173.0,173.0,173.0,7.2,29.0,5216
1992-04-19,173.0,173.0,173.0,8.6,29.0,5216
1992-04-20,172.0,172.0,172.0,9.2,29.0,5216
1992-04-21,172.0,172.0,172.0,8.5,29.0,5216
1992-04-22,172.0,172.0,172.0,7.0,29.0,5216
1992-04-23,172.0,172.0,172.0,7.6,29.0,5216
1992-04-24,172.0,172.0,172.0,9.0,29.0,5216
1992-04-25,174.0,173.0,174.0,9.8,29.0,5216
1992-04-26,175.0,174.0,175.0,10.2,29.0,5216
1992-04-27,175.0,175.0,175.0,10.8,29.0,5216
1992-04-28,175.0,174.0,175.0,10.1,29.0,5216
1992-04-29,174.0,173.0,174.0,10.8,29.0,5216
1992-04-30,173.0,173.0,173.0,11.5,29.0,5216
1992-05-01,172.0,172.0,172.0,12.5,29.0,5216
1992-05-02,171.0,171.0,171.0,13.4,29.0,5216
1992-05-03,171.0,171.0,171.0,12.6,29.0,5216
1992-05-04,171.0,171.0,171.0,11.9,29.0,5216
1992-05-05,170.0,170.0,170.0,13.4,29.0,5216
1992-05-06,169.0,169.0,169.0,13.0,29.0,5216
1992-05-07,168.0,168.0,168.0,11.0,29.0,5216
1992-05-08,168.0,168.0,168.0,11.2,29.0,5216
1992-05-09,169.0,169.0,169.0,12.4,29.0,5216
1992-05-10,171.0,170.0,171.0,12.6,29.0,5216
1992-05-11,173.0,172.0,173.0,12.6,29.0,5216
1992-05-12,176.0,175.0,177.0,12.8,29.0,5216
1992-05-13,176.0,175.0,176.0,12.9,29.0,5216
1992-05-14,176.0,176.0,176.0,14.3,29.0,5216
1992-05-15,177.0,176.0,177.0,15.3,29.0,5216
1992-05-16,177.0,176.0,177.0,15.9,29.0,5216
1992-05-17,176.0,176.0,176.0,13.8,29.0,5216
1992-05-18,176.0,175.0,176.0,14.3,29.0,5216
1992-05-19,175.0,174.0,175.0,15.6,29.0,5216
1992-05-20,175.0,174.0,175.0,16.2,29.0,5216
1992-05-21,176.0,175.0,176.0,14.0,29.0,5216
1992-05-22,177.0,177.0,177.0,13.4,29.0,5216
1992-05-23,177.0,177.0,177.0,13.6,29.0,5216
1992-05-24,177.0,177.0,177.0,14.1,29.0,5216
1992-05-25,178.0,177.0,178.0,13.0,29.0,5216
1992-05-26,180.0,179.0,180.0,13.8,29.0,5216
1992-05-27,181.0,181.0,181.0,15.5,29.0,5216
1992-05-28,181.0,180.0,181.0,16.1,29.0,5216
1992-05-29,184.0,183.0,185.0,16.8,29.0,5216
1992-05-30,185.0,185.0,185.0,19.0,29.0,5216
1992-05-31,185.0,185.0,185.0,19.8,29.0,5216
1992-06-01,184.0,183.0,185.0,18.5,29.0,5216
1992-06-02,183.0,182.0,183.0,18.9,29.0,5216
1992-06-03,180.0,179.0,181.0,18.3,29.0,5216
1992-06-04,178.0,177.0,178.0,18.6,29.0,5216
1992-06-05,176.0,176.0,176.0,20.1,29.0,5216
1992-06-06,176.0,175.0,176.0,18.9,29.0,5216
1992-06-07,177.0,175.0,179.0,18.0,29.0,5216
1992-06-08,193.0,185.0,205.0,15.1,29.0,5216
1992-06-09,226.0,210.0,258.0,14.1,29.0,5216
1992-06-10,323.0,272.0,375.0,13.4,29.0,5216
1992-06-11,376.0,375.0,377.0,13.2,29.0,5216
1992-06-12,376.0,375.0,376.0,13.6,29.0,5216
1992-06-13,382.0,381.0,382.0,16.2,29.0,5216
1992-06-14,376.0,373.0,379.0,18.8,29.0,5216
1992-06-15,365.0,363.0,367.0,19.9,29.0,5216
1992-06-16,355.0,353.0,357.0,19.8,29.0,5216
1992-06-17,347.0,345.0,348.0,18.0,29.0,5216
1992-06-18,342.0,341.0,343.0,17.1,29.0,5216
1992-06-19,338.0,337.0,339.0,17.6,29.0,5216
1992-06-20,332.0,331.0,333.0,19.5,29.0,5216
1992-06-21,325.0,323.0,327.0,19.2,29.0,5216
1992-06-22,318.0,317.0,319.0,19.3,29.0,5216
1992-06-23,306.0,303.0,309.0,19.2,29.0,5216
1992-06-24,296.0,292.0,299.0,20.6,29.0,5216
1992-06-25,281.0,277.0,285.0,21.6,29.0,5216
1992-06-26,265.0,258.0,269.0,22.8,29.0,5216
1992-06-27,247.0,236.0,254.0,22.7,29.0,5216
1992-06-28,227.0,223.0,231.0,22.1,29.0,5216
1992-06-29,211.0,207.0,215.0,23.3,29.0,5216
1992-06-30,201.0,198.0,203.0,23.1,29.0,5216
1992-07-01,194.0,192.0,195.0,22.2,29.0,5216
1992-07-02,188.0,187.0,189.0,22.2,29.0,5216
1992-07-03,185.0,185.0,185.0,22.2,29.0,5216
1992-07-04,182.0,181.0,183.0,23.1,29.0,5216
1992-07-05,180.0,180.0,180.0,23.5,29.0,5216
1992-07-06,179.0,178.0,179.0,24.6,29.0,5216
1992-07-07,177.0,176.0,177.0,24.4,29.0,5216
1992-07-08,175.0,174.0,175.0,23.2,29.0,5216
1992-07-09,173.0,172.0,173.0,22.8,29.0,5216
1992-07-10,171.0,171.0,171.0,23.4,29.0,5216
1992-07-11,171.0,171.0,171.0,22.4,29.0,5216
1992-07-12,169.0,169.0,169.0,21.7,29.0,5216
1992-07-13,168.0,168.0,168.0,23.1,29.0,5216
1992-07-14,167.0,167.0,167.0,23.4,29.0,5216
1992-07-15,169.0,169.0,169.0,24.1,29.0,5216
1992-07-16,167.0,167.0,167.0,24.3,29.0,5216
1992-07-17,167.0,167.0,167.0,23.8,29.0,5216
1992-07-18,166.0,165.0,167.0,23.4,29.0,5216
1992-07-19,165.0,165.0,165.0,24.3,29.0,5216
1992-07-20,165.0,164.0,165.0,24.1,29.0,5216
1992-07-21,165.0,164.0,165.0,22.4,29.0,5216
1992-07-22,166.0,166.0,166.0,21.8,29.0,5216
1992-07-23,167.0,167.0,167.0,23.4,29.0,5216
1992-07-24,167.0,167.0,167.0,24.0,29.0,5216
1992-07-25,167.0,167.0,167.0,23.8,29.0,5216
1992-07-26,167.0,167.0,167.0,24.0,29.0,5216
1992-07-27,167.0,167.0,167.0,24.1,29.0,5216
1992-07-28,166.0,165.0,166.0,25.2,29.0,5216
1992-07-29,165.0,164.0,165.0,26.2,29.0,5216
1992-07-30,167.0,167.0,167.0,23.6,29.0,5216
1992-07-31,168.0,168.0,168.0,20.5,29.0,5216
1992-08-01,167.0,167.0,167.0,21.6,29.0,5216
1992-08-02,168.0,167.0,168.0,22.0,29.0,5216
1992-08-03,169.0,169.0,169.0,22.2,29.0,5216
1992-08-04,168.0,167.0,168.0,21.1,29.0,5216
1992-08-05,167.0,167.0,167.0,21.4,29.0,5216
1992-08-06,167.0,167.0,167.0,22.8,29.0,5216
1992-08-07,169.0,169.0,169.0,22.3,29.0,5216
1992-08-08,169.0,169.0,169.0,21.4,29.0,5216
1992-08-09,169.0,168.0,169.0,21.5,29.0,5216
1992-08-10,167.0,167.0,167.0,20.7,29.0,5216
1992-08-11,167.0,166.0,167.0,20.7,29.0,5216
1992-08-12,166.0,165.0,167.0,20.3,29.0,5216
1992-08-13,168.0,167.0,168.0,20.0,29.0,5216
1992-08-14,169.0,168.0,169.0,19.7,29.0,5216
1992-08-15,169.0,169.0,169.0,20.3,29.0,5216
1992-08-16,169.0,169.0,169.0,20.3,29.0,5216
1992-08-17,170.0,170.0,170.0,21.4,29.0,5216
1992-08-18,170.0,169.0,170.0,22.0,29.0,5216
1992-08-19,169.0,169.0,169.0,22.9,29.0,5216
1992-08-20,170.0,169.0,171.0,24.2,29.0,5216
1992-08-21,171.0,171.0,171.0,24.1,29.0,5216
1992-08-22,170.0,169.0,170.0,23.2,29.0,5216
1992-08-23,168.0,167.0,169.0,22.6,29.0,5216
1992-08-24,167.0,167.0,167.0,23.0,29.0,5216
1992-08-25,166.0,165.0,166.0,23.1,29.0,5216
1992-08-26,165.0,165.0,165.0,23.4,29.0,5216
1992-08-27,165.0,164.0,165.0,22.3,29.0,5216
1992-08-28,164.0,164.0,164.0,23.2,29.0,5216
1992-08-29,163.0,163.0,163.0,22.9,29.0,5216
1992-08-30,163.0,163.0,163.0,23.3,29.0,5216
1992-08-31,166.0,163.0,168.0,22.7,29.0,5216
1992-09-01,166.0,165.0,166.0,22.4,29.0,5216
1992-09-02,168.0,166.0,169.0,22.1,29.0,5216
1992-09-03,169.0,169.0,169.0,21.4,29.0,5216
1992-09-04,172.0,171.0,173.0,20.5,29.0,5216
1992-09-05,174.0,173.0,174.0,20.3,29.0,5216
1992-09-06,175.0,174.0,175.0,18.5,29.0,5216
1992-09-07,176.0,176.0,176.0,18.5,29.0,5216
1992-09-08,178.0,177.0,179.0,19.0,29.0,5216
1992-09-09,179.0,178.0,179.0,17.8,29.0,5216
1992-09-10,180.0,179.0,180.0,17.7,29.0,5216
1992-09-11,181.0,181.0,181.0,16.8,29.0,5216
1992-09-12,181.0,181.0,181.0,18.0,29.0,5216
1992-09-13,184.0,182.0,185.0,17.5,29.0,5216
1992-09-14,188.0,187.0,189.0,17.6,29.0,5216
1992-09-15,189.0,189.0,189.0,17.8,29.0,5216
1992-09-16,188.0,186.0,189.0,17.7,29.0,5216
1992-09-17,182.0,181.0,183.0,16.4,29.0,5216
1992-09-18,177.0,176.0,178.0,17.5,29.0,5216
1992-09-19,174.0,173.0,175.0,15.0,29.0,5216
1992-09-20,172.0,171.0,172.0,14.8,29.0,5216
1992-09-21,170.0,169.0,171.0,14.3,29.0,5216
1992-09-22,168.0,168.0,168.0,14.1,29.0,5216
1992-09-23,168.0,168.0,168.0,16.5,29.0,5216
1992-09-24,167.0,167.0,167.0,14.7,29.0,5216
1992-09-25,167.0,166.0,167.0,14.6,29.0,5216
1992-09-26,166.0,166.0,166.0,13.1,29.0,5216
1992-09-27,165.0,165.0,165.0,11.2,29.0,5216
1992-09-28,165.0,165.0,165.0,9.6,29.0,5216
1992-09-29,165.0,165.0,174.0,9.5,29.0,5216
1992-09-30,180.0,167.0,196.0,11.6,29.0,5216
1992-10-01,167.0,167.0,167.0,12.8,29.0,5216
1992-10-02,168.0,167.0,169.0,14.7,29.0,5216
1992-10-03,170.0,169.0,170.0,14.4,29.0,5216
1992-10-04,172.0,172.0,172.0,11.0,29.0,5216
1992-10-05,173.0,173.0,173.0,8.7,29.0,5216
1992-10-06,173.0,173.0,173.0,9.1,29.0,5216
1992-10-07,176.0,175.0,176.0,9.2,29.0,5216
1992-10-08,177.0,176.0,177.0,10.1,29.0,5216
1992-10-09,175.0,174.0,175.0,10.7,29.0,5216
1992-10-10,173.0,172.0,173.0,10.4,29.0,5216
1992-10-11,171.0,171.0,171.0,10.5,29.0,5216
1992-10-12,169.0,169.0,169.0,8.9,29.0,5216
1992-10-13,170.0,169.0,170.0,7.8,29.0,5216
1992-10-14,170.0,169.0,170.0,7.7,29.0,5216
1992-10-15,169.0,169.0,169.0,7.5,29.0,5216
1992-10-16,169.0,169.0,169.0,8.1,29.0,5216
1992-10-17,169.0,169.0,169.0,7.9,29.0,5216
1992-10-18,167.0,167.0,167.0,7.8,29.0,5216
1992-10-19,167.0,167.0,167.0,7.5,29.0,5216
1992-10-20,166.0,166.0,166.0,7.3,29.0,5216
1992-10-21,166.0,166.0,166.0,6.6,29.0,5216
1992-10-22,166.0,166.0,166.0,6.2,29.0,5216
1992-10-23,167.0,167.0,167.0,7.0,29.0,5216
1992-10-24,167.0,167.0,167.0,7.4,29.0,5216
1992-10-25,168.0,168.0,168.0,7.4,29.0,5216
1992-10-26,169.0,169.0,169.0,7.5,29.0,5216
1992-10-27,170.0,169.0,171.0,7.0,29.0,5216
1992-10-28,176.0,175.0,177.0,5.8,29.0,5216
1992-10-29,180.0,179.0,181.0,7.1,29.0,5216
1992-10-30,187.0,185.0,188.0,6.6,29.0,5216
1992-10-31,193.0,192.0,194.0,5.4,29.0,5216
1992-11-01,198.0,197.0,199.0,3.3,29.0,5216
1992-11-02,201.0,201.0,201.0,1.5,2.0,5216
1992-11-03,196.0,195.0,197.0,2.3,29.0,5216
1992-11-04,187.0,185.0,189.0,2.6,29.0,5216
1992-11-05,184.0,181.0,186.0,3.6,29.0,5216
1992-11-06,180.0,179.0,180.0,3.4,29.0,5216
1992-11-07,179.0,178.0,179.0,1.2,29.0,5216
1992-11-08,177.0,176.0,177.0,0.5,2.0,5216
1992-11-09,174.0,174.0,174.0,0.4,2.0,5216
1992-11-10,174.0,173.0,175.0,0.2,15.0,5216
1992-11-11,175.0,173.0,177.0,0.3,15.0,5216
1992-11-12,173.0,172.0,173.0,0.2,15.0,5216
1992-11-13,172.0,171.0,172.0,0.2,15.0,5216
1992-11-14,170.0,170.0,170.0,0.4,15.0,5216
1992-11-15,170.0,170.0,170.0,0.4,15.0,5216
1992-11-16,172.0,172.0,172.0,0.2,15.0,5216
1992-11-17,173.0,172.0,173.0,0.2,15.0,5216
1992-11-18,174.0,173.0,175.0,0.1,15.0,5216
1992-11-19,173.0,173.0,173.0,0.0,15.0,5216
1992-11-20,173.0,173.0,173.0,0.0,16.0,5216
1992-11-21,173.0,173.0,173.0,0.0,16.0,5216
1992-11-22,172.0,172.0,172.0,0.0,16.0,5216
1992-11-23,172.0,172.0,172.0,0.0,16.0,5216
1992-11-24,172.0,172.0,172.0,0.0,16.0,5216
1992-11-25,174.0,174.0,174.0,0.0,16.0,5216
1992-11-26,174.0,174.0,174.0,0.0,16.0,5216
1992-11-27,174.0,173.0,174.0,0.0,16.0,5216
1992-11-28,173.0,172.0,173.0,0.0,16.0,5216
1992-11-29,173.0,172.0,173.0,0.0,16.0,5216
1992-11-30,175.0,175.0,175.0,0.0,16.0,5216
1992-12-01,174.0,174.0,,,16.0,5216
1992-12-02,174.0,174.0,,,16.0,5216
1992-12-03,173.0,173.0,,,16.0,5216
1992-12-04,173.0,173.0,,,16.0,5216
1992-12-05,173.0,173.0,,,16.0,5216
1992-12-06,173.0,173.0,,,16.0,5216
1992-12-07,177.0,177.0,,,16.0,5216
1992-12-08,177.0,177.0,,,16.0,5216
1992-12-09,177.0,177.0,,,16.0,5216
1992-12-10,177.0,177.0,,,16.0,5216
1992-12-11,177.0,177.0,,,16.0,5216
1992-12-12,176.0,176.0,,,16.0,5216
1992-12-13,175.0,175.0,,,16.0,5216
1992-12-14,174.0,174.0,,,16.0,5216
1992-12-15,173.0,173.0,,,16.0,5216
1992-12-16,173.0,173.0,,,16.0,5216
1992-12-17,173.0,173.0,,,16.0,5216
1992-12-18,173.0,173.0,,,16.0,5216
1992-12-19,174.0,174.0,,,16.0,5216
1992-12-20,175.0,175.0,,,16.0,5216
1992-12-21,176.0,176.0,,,16.0,5216
1992-12-22,176.0,176.0,,,16.0,5216
1992-12-23,175.0,175.0,,,16.0,5216
1992-12-24,175.0,175.0,,,16.0,5216
1992-12-25,174.0,174.0,,,16.0,5216
1992-12-26,173.0,173.0,,,16.0,5216
1992-12-27,172.0,172.0,,,16.0,5216
1992-12-28,171.0,171.0,,,16.0,5216
1992-12-29,170.0,170.0,,,16.0,5216
1992-12-30,169.0,169.0,,,16.0,5216
1992-12-31,168.0,168.0,,,16.0,5216
1993-01-01,167.0,167.0,,,16.0,5216
1993-01-02,166.0,166.0,,,16.0,5216
1993-01-03,166.0,166.0,,,16.0,5216
1993-01-04,166.0,166.0,,,16.0,5216
1993-01-05,166.0,166.0,,,16.0,5216
1993-01-06,165.0,165.0,,,16.0,5216
1993-01-07,165.0,165.0,,,16.0,5216
1993-01-08,164.0,164.0,,,16.0,5216
1993-01-09,164.0,164.0,,,16.0,5216
1993-01-10,163.0,163.0,,,16.0,5216
1993-01-11,163.0,163.0,,,16.0,5216
1993-01-12,162.0,162.0,,,16.0,5216
1993-01-13,162.0,162.0,,,16.0,5216
1993-01-14,162.0,162.0,,,16.0,5216
1993-01-15,162.0,162.0,,,16.0,5216
1993-01-16,162.0,162.0,,,16.0,5216
1993-01-17,162.0,162.0,,,16.0,5216
1993-01-18,162.0,162.0,,,16.0,5216
1993-01-19,161.0,161.0,,,16.0,5216
1993-01-20,161.0,161.0,,,16.0,5216
1993-01-21,161.0,161.0,,,16.0,5216
1993-01-22,160.0,160.0,,,16.0,5216
1993-01-23,160.0,160.0,,,16.0,5216
1993-01-24,159.0,159.0,,,16.0,5216
1993-01-25,159.0,159.0,,,16.0,5216
1993-01-26,158.0,158.0,,,16.0,5216
1993-01-27,158.0,158.0,,,16.0,5216
1993-01-28,158.0,158.0,,,16.0,5216
1993-01-29,158.0,158.0,,,16.0,5216
1993-01-30,158.0,158.0,,,16.0,5216
1993-01-31,158.0,158.0,,,16.0,5216
1993-02-01,158.0,158.0,,,16.0,5216
1993-02-02,157.0,157.0,,,16.0,5216
1993-02-03,157.0,157.0,,,16.0,5216
1993-02-04,158.0,158.0,,,16.0,5216
1993-02-05,158.0,158.0,,,16.0,5216
1993-02-06,158.0,158.0,,,16.0,5216
1993-02-07,158.0,158.0,,,16.0,5216
1993-02-08,158.0,158.0,,,16.0,5216
1993-02-09,158.0,158.0,,,16.0,5216
1993-02-10,158.0,158.0,,,16.0,5216
1993-02-11,158.0,158.0,,,16.0,5216
1993-02-12,158.0,158.0,,,16.0,5216
1993-02-13,158.0,158.0,,,16.0,5216
1993-02-14,158.0,158.0,,,16.0,5216
1993-02-15,158.0,158.0,,,16.0,5216
1993-02-16,157.0,157.0,,,16.0,5216
1993-02-17,157.0,157.0,,,16.0,5216
1993-02-18,157.0,157.0,,,16.0,5216
1993-02-19,157.0,157.0,,,16.0,5216
1993-02-20,157.0,157.0,,,16.0,5216
1993-02-21,157.0,157.0,,,16.0,5216
1993-02-22,156.0,156.0,,,16.0,5216
1993-02-23,156.0,156.0,,,16.0,5216
1993-02-24,156.0,156.0,,,16.0,5216
1993-02-25,157.0,157.0,,,16.0,5216
1993-02-26,157.0,157.0,,,16.0,5216
1993-02-27,158.0,158.0,,,16.0,5216
1993-02-28,158.0,158.0,,,16.0,5216
1993-03-01,158.0,158.0,158.0,,16.0,5216
1993-03-02,158.0,158.0,158.0,,16.0,5216
1993-03-03,158.0,158.0,158.0,,16.0,5216
1993-03-04,158.0,158.0,158.0,,16.0,5216
1993-03-05,158.0,158.0,158.0,,16.0,5216
1993-03-06,159.0,158.0,159.0,,16.0,5216
1993-03-07,160.0,159.0,161.0,,16.0,5216
1993-03-08,163.0,161.0,165.0,,16.0,5216
1993-03-09,168.0,165.0,170.0,,16.0,5216
1993-03-10,175.0,172.0,178.0,,16.0,5216
1993-03-11,178.0,178.0,178.0,0.0,16.0,5216
1993-03-12,177.0,176.0,178.0,0.0,16.0,5216
1993-03-13,182.0,178.0,186.0,0.1,24.16,5216
1993-03-14,208.0,206.0,210.0,0.1,16.22,5216
1993-03-15,223.0,211.0,235.0,0.0,16.22,5216
1993-03-16,272.0,263.0,280.0,0.0,16.22,5216
1993-03-17,293.0,292.0,293.0,0.0,16.22,5216
1993-03-18,288.0,283.0,292.0,0.0,16.22,5216
1993-03-19,274.0,273.0,275.0,0.0,16.22,5216
1993-03-20,261.0,258.0,264.0,0.1,,5216
1993-03-21,251.0,249.0,253.0,0.1,16.22,5216
1993-03-22,246.0,245.0,247.0,0.5,15.16,5216
1993-03-23,248.0,247.0,248.0,0.5,15.16,5216
1993-03-24,253.0,249.0,256.0,0.7,15.16,5216
1993-03-25,268.0,261.0,274.0,0.8,15.16,5216
1993-03-26,288.0,285.0,291.0,1.5,,5216
1993-03-27,295.0,291.0,298.0,0.8,2.0,5216
1993-03-28,305.0,305.0,305.0,0.4,2.0,5216
1993-03-29,304.0,303.0,305.0,1.0,,5216
1993-03-30,288.0,282.0,293.0,1.9,29.0,5216
1993-03-31,272.0,268.0,275.0,2.9,29.0,5216
1993-04-01,254.0,250.0,258.0,4.3,29.0,5216
1993-04-02,240.0,239.0,241.0,4.3,29.0,5216
1993-04-03,223.0,221.0,225.0,3.8,29.0,5216
1993-04-04,219.0,218.0,220.0,4.0,29.0,5216
1993-04-05,227.0,224.0,229.0,3.9,29.0,5216
1993-04-06,237.0,235.0,239.0,4.2,29.0,5216
1993-04-07,234.0,230.0,237.0,4.2,29.0,5216
1993-04-08,220.0,216.0,223.0,3.9,29.0,5216
1993-04-09,207.0,205.0,209.0,4.0,29.0,5216
1993-04-10,200.0,199.0,201.0,4.0,29.0,5216
1993-04-11,195.0,193.0,196.0,4.4,29.0,5216
1993-04-12,191.0,190.0,192.0,5.8,29.0,5216
1993-04-13,189.0,188.0,189.0,6.8,29.0,5216
1993-04-14,187.0,186.0,187.0,7.3,29.0,5216
1993-04-15,185.0,185.0,185.0,7.3,29.0,5216
1993-04-16,184.0,184.0,184.0,8.3,29.0,5216
1993-04-17,183.0,183.0,183.0,10.0,29.0,5216
1993-04-18,183.0,183.0,183.0,9.7,29.0,5216
1993-04-19,183.0,183.0,183.0,8.6,29.0,5216
1993-04-20,183.0,183.0,183.0,8.3,29.0,5216
1993-04-21,183.0,183.0,183.0,8.0,29.0,5216
1993-04-22,183.0,183.0,183.0,8.8,29.0,5216
1993-04-23,182.0,182.0,182.0,9.6,29.0,5216
1993-04-24,181.0,181.0,181.0,11.4,29.0,5216
1993-04-25,181.0,181.0,181.0,11.8,29.0,5216
1993-04-26,181.0,181.0,181.0,9.4,29.0,5216
1993-04-27,183.0,182.0,183.0,9.0,29.0,5216
1993-04-28,185.0,184.0,185.0,9.8,29.0,5216
1993-04-29,188.0,186.0,189.0,10.4,29.0,5216
1993-04-30,190.0,189.0,191.0,10.0,29.0,5216
1993-05-01,193.0,192.0,193.0,8.9,29.0,5216
1993-05-02,192.0,191.0,193.0,9.6,29.0,5216
1993-05-03,191.0,190.0,191.0,9.0,29.0,5216
1993-05-04,189.0,188.0,189.0,10.3,29.0,5216
1993-05-05,187.0,187.0,187.0,10.7,29.0,5216
1993-05-06,188.0,187.0,188.0,12.1,29.0,5216
1993-05-07,190.0,189.0,190.0,13.0,29.0,5216
1993-05-08,192.0,191.0,192.0,11.9,29.0,5216
1993-05-09,194.0,193.0,195.0,12.2,29.0,5216
1993-05-10,195.0,195.0,195.0,14.0,29.0,5216
1993-05-11,196.0,196.0,196.0,15.1,29.0,5216
1993-05-12,197.0,197.0,197.0,15.3,29.0,5216
1993-05-13,200.0,199.0,201.0,14.8,29.0,5216
1993-05-14,205.0,204.0,206.0,12.7,29.0,5216
1993-05-15,208.0,208.0,208.0,12.9,29.0,5216
1993-05-16,206.0,205.0,207.0,13.3,29.0,5216
1993-05-17,201.0,200.0,202.0,13.7,29.0,5216
1993-05-18,196.0,195.0,197.0,14.0,29.0,5216
1993-05-19,192.0,191.0,193.0,15.3,29.0,5216
1993-05-20,190.0,189.0,190.0,17.4,29.0,5216
1993-05-21,186.0,185.0,187.0,17.9,29.0,5216
1993-05-22,184.0,183.0,184.0,17.7,29.0,5216
1993-05-23,181.0,181.0,181.0,17.3,29.0,5216
1993-05-24,180.0,180.0,180.0,17.1,29.0,5216
1993-05-25,182.0,181.0,183.0,15.9,29.0,5216
1993-05-26,184.0,184.0,184.0,16.5,29.0,5216
1993-05-27,184.0,184.0,184.0,17.7,29.0,5216
1993-05-28,183.0,182.0,183.0,17.8,29.0,5216
1993-05-29,180.0,180.0,180.0,17.8,29.0,5216
1993-05-30,177.0,177.0,177.0,17.5,29.0,5216
1993-05-31,176.0,174.0,176.0,16.8,29.0,5216
1993-06-01,174.0,174.0,174.0,16.2,29.0,5216
1993-06-02,173.0,173.0,173.0,14.3,29.0,5216
1993-06-03,172.0,172.0,172.0,14.5,29.0,5216
1993-06-04,171.0,171.0,171.0,15.6,29.0,5216
1993-06-05,170.0,169.0,171.0,14.4,29.0,5216
1993-06-06,170.0,170.0,170.0,13.8,29.0,5216
1993-06-07,171.0,170.0,171.0,13.2,29.0,5216
1993-06-08,171.0,171.0,171.0,15.0,29.0,5216
1993-06-09,172.0,171.0,173.0,16.2,29.0,5216
1993-06-10,176.0,175.0,177.0,17.1,29.0,5216
1993-06-11,178.0,177.0,179.0,19.1,29.0,5216
1993-06-12,180.0,179.0,180.0,17.7,29.0,5216
1993-06-13,181.0,181.0,181.0,19.0,29.0,5216
1993-06-14,181.0,181.0,181.0,21.1,29.0,5216
1993-06-15,180.0,180.0,180.0,19.9,29.0,5216
1993-06-16,178.0,177.0,179.0,18.3,29.0,5216
1993-06-17,176.0,175.0,176.0,19.4,29.0,5216
1993-06-18,174.0,173.0,174.0,17.5,29.0,5216
1993-06-19,173.0,173.0,173.0,17.3,29.0,5216
1993-06-20,173.0,173.0,173.0,19.0,29.0,5216
1993-06-21,172.0,172.0,172.0,19.2,29.0,5216
1993-06-22,173.0,173.0,173.0,19.3,29.0,5216
1993-06-23,173.0,173.0,173.0,18.8,29.0,5216
1993-06-24,173.0,172.0,173.0,17.3,29.0,5216
1993-06-25,172.0,172.0,172.0,17.7,29.0,5216
1993-06-26,174.0,173.0,175.0,19.5,29.0,5216
1993-06-27,176.0,175.0,176.0,19.7,29.0,5216
1993-06-28,176.0,175.0,176.0,20.3,29.0,5216
1993-06-29,175.0,174.0,175.0,20.8,29.0,5216
1993-06-30,174.0,173.0,174.0,20.8,29.0,5216
1993-07-01,173.0,173.0,173.0,21.7,29.0,5216
1993-07-02,172.0,172.0,172.0,21.4,29.0,5216
1993-07-03,174.0,173.0,174.0,21.2,29.0,5216
1993-07-04,175.0,175.0,175.0,21.3,29.0,5216
1993-07-05,174.0,173.0,174.0,21.7,29.0,5216
1993-07-06,172.0,171.0,172.0,20.6,29.0,5216
1993-07-07,169.0,169.0,169.0,21.7,29.0,5216
1993-07-08,168.0,168.0,168.0,22.3,29.0,5216
1993-07-09,167.0,166.0,167.0,21.8,29.0,5216
1993-07-10,166.0,165.0,166.0,22.3,29.0,5216
1993-07-11,165.0,165.0,165.0,22.2,29.0,5216
1993-07-12,164.0,163.0,164.0,21.6,29.0,5216
1993-07-13,163.0,163.0,163.0,22.6,29.0,5216
1993-07-14,163.0,163.0,163.0,23.0,29.0,5216
1993-07-15,163.0,162.0,163.0,24.1,29.0,5216
1993-07-16,162.0,162.0,162.0,22.5,29.0,5216
1993-07-17,161.0,161.0,161.0,22.0,29.0,5216
1993-07-18,161.0,161.0,161.0,23.0,29.0,5216
1993-07-19,162.0,162.0,162.0,24.0,29.0,5216
1993-07-20,161.0,161.0,161.0,23.0,29.0,5216
1993-07-21,161.0,161.0,161.0,22.1,29.0,5216
1993-07-22,161.0,161.0,161.0,21.5,29.0,5216
1993-07-23,160.0,159.0,161.0,18.7,29.0,5216
1993-07-24,159.0,159.0,159.0,18.8,29.0,5216
1993-07-25,158.0,157.0,158.0,21.0,29.0,5216
1993-07-26,157.0,157.0,157.0,22.5,29.0,5216
1993-07-27,160.0,159.0,161.0,22.4,29.0,5216
1993-07-28,161.0,161.0,161.0,21.8,29.0,5216
1993-07-29,163.0,162.0,163.0,21.7,29.0,5216
1993-07-30,163.0,163.0,163.0,21.4,29.0,5216
1993-07-31,164.0,163.0,164.0,20.9,29.0,5216
1993-08-01,164.0,164.0,164.0,21.1,29.0,5216
1993-08-02,165.0,164.0,165.0,21.7,29.0,5216
1993-08-03,165.0,164.0,165.0,22.7,29.0,5216
1993-08-04,164.0,164.0,164.0,21.4,29.0,5216
1993-08-05,163.0,163.0,163.0,20.9,29.0,5216
1993-08-06,161.0,161.0,161.0,20.1,29.0,5216
1993-08-07,161.0,161.0,161.0,20.8,29.0,5216
1993-08-08,161.0,161.0,161.0,21.4,29.0,5216
1993-08-09,163.0,163.0,163.0,20.9,29.0,5216
1993-08-10,164.0,163.0,165.0,20.5,29.0,5216
1993-08-11,166.0,165.0,167.0,21.0,29.0,5216
1993-08-12,170.0,169.0,171.0,22.0,29.0,5216
1993-08-13,173.0,173.0,173.0,20.6,29.0,5216
1993-08-14,177.0,175.0,178.0,20.1,29.0,5216
1993-08-15,180.0,179.0,181.0,20.5,29.0,5216
1993-08-16,186.0,185.0,187.0,21.2,29.0,5216
1993-08-17,194.0,191.0,197.0,20.9,29.0,5216
1993-08-18,207.0,203.0,216.0,20.6,29.0,5216
1993-08-19,230.0,221.0,245.0,20.5,29.0,5216
1993-08-20,261.0,250.0,277.0,20.8,29.0,5216
1993-08-21,289.0,281.0,299.0,20.9,29.0,5216
1993-08-22,308.0,305.0,311.0,21.1,29.0,5216
1993-08-23,318.0,315.0,320.0,20.8,29.0,5216
1993-08-24,322.0,321.0,323.0,20.6,29.0,5216
1993-08-25,317.0,315.0,319.0,20.6,29.0,5216
1993-08-26,308.0,305.0,310.0,21.1,29.0,5216
1993-08-27,297.0,295.0,299.0,20.6,29.0,5216
1993-08-28,286.0,283.0,288.0,20.3,29.0,5216
1993-08-29,276.0,275.0,277.0,19.2,29.0,5216
1993-08-30,270.0,268.0,271.0,19.2,29.0,5216
1993-08-31,266.0,265.0,267.0,19.7,29.0,5216
1993-09-01,260.0,258.0,261.0,19.3,29.0,5216
1993-09-02,252.0,249.0,254.0,19.8,29.0,5216
1993-09-03,237.0,233.0,241.0,19.5,29.0,5216
1993-09-04,223.0,219.0,226.0,19.3,29.0,5216
1993-09-05,208.0,205.0,211.0,18.3,29.0,5216
1993-09-06,198.0,195.0,201.0,19.1,29.0,5216
1993-09-07,189.0,187.0,191.0,19.0,29.0,5216
1993-09-08,186.0,185.0,187.0,19.7,29.0,5216
1993-09-09,182.0,181.0,183.0,19.2,29.0,5216
1993-09-10,180.0,179.0,181.0,18.1,29.0,5216
1993-09-11,177.0,177.0,177.0,17.0,29.0,5216
1993-09-12,176.0,175.0,177.0,17.0,29.0,5216
1993-09-13,175.0,175.0,175.0,18.4,29.0,5216
1993-09-14,175.0,175.0,175.0,19.1,29.0,5216
1993-09-15,175.0,175.0,175.0,17.0,29.0,5216
1993-09-16,174.0,173.0,175.0,18.4,29.0,5216
1993-09-17,175.0,175.0,175.0,18.3,29.0,5216
1993-09-18,177.0,175.0,178.0,18.0,29.0,5216
1993-09-19,182.0,181.0,182.0,16.6,29.0,5216
1993-09-20,183.0,182.0,183.0,16.4,29.0,5216
1993-09-21,181.0,180.0,181.0,15.8,29.0,5216
1993-09-22,178.0,177.0,179.0,14.8,29.0,5216
1993-09-23,185.0,181.0,204.0,13.4,29.0,5216
1993-09-24,207.0,195.0,226.0,13.2,29.0,5216
1993-09-25,217.0,211.0,223.0,13.7,29.0,5216
1993-09-26,242.0,237.0,246.0,13.7,29.0,5216
1993-09-27,252.0,252.0,252.0,13.1,29.0,5216
1993-09-28,254.0,252.0,255.0,14.1,29.0,5216
1993-09-29,258.0,257.0,259.0,13.4,29.0,5216
1993-09-30,269.0,264.0,275.0,12.1,29.0,5216
1993-10-01,294.0,285.0,303.0,11.0,29.0,5216
1993-10-02,319.0,316.0,322.0,9.5,29.0,5216
1993-10-03,328.0,327.0,329.0,10.4,29.0,5216
1993-10-04,329.0,329.0,329.0,10.8,29.0,5216
1993-10-05,326.0,325.0,327.0,9.9,29.0,5216
1993-10-06,319.0,317.0,321.0,8.9,29.0,5216
1993-10-07,308.0,305.0,311.0,9.3,29.0,5216
1993-10-08,292.0,287.0,297.0,10.0,29.0,5216
1993-10-09,274.0,269.0,279.0,10.7,29.0,5216
1993-10-10,256.0,252.0,259.0,9.7,29.0,5216
1993-10-11,238.0,237.0,239.0,9.2,29.0,5216
1993-10-12,229.0,226.0,231.0,9.2,29.0,5216
1993-10-13,219.0,217.0,221.0,8.2,29.0,5216
1993-10-14,210.0,208.0,211.0,6.5,29.0,5216
1993-10-15,204.0,202.0,205.0,6.2,29.0,5216
1993-10-16,199.0,198.0,200.0,8.6,29.0,5216
1993-10-17,195.0,194.0,195.0,8.7,29.0,5216
1993-10-18,193.0,193.0,193.0,5.9,29.0,5216
1993-10-19,191.0,191.0,191.0,6.2,29.0,5216
1993-10-20,188.0,187.0,189.0,6.7,29.0,5216
1993-10-21,188.0,187.0,196.0,7.3,29.0,5216
1993-10-22,213.0,205.0,224.0,6.2,29.0,5216
1993-10-23,244.0,228.0,277.0,5.8,29.0,5216
1993-10-24,314.0,299.0,331.0,5.6,29.0,5216
1993-10-25,344.0,341.0,346.0,5.3,29.0,5216
1993-10-26,349.0,349.0,350.0,4.8,29.0,5216
1993-10-27,346.0,345.0,347.0,4.6,29.0,5216
1993-10-28,338.0,334.0,341.0,5.6,29.0,5216
1993-10-29,327.0,325.0,329.0,5.1,29.0,5216
1993-10-30,315.0,313.0,317.0,4.6,29.0,5216
1993-10-31,308.0,307.0,309.0,4.0,29.0,5216
1993-11-01,325.0,321.0,328.0,2.8,29.0,5216
1993-11-02,334.0,333.0,335.0,1.9,29.0,5216
1993-11-03,343.0,341.0,345.0,2.6,29.0,5216
1993-11-04,346.0,344.0,347.0,2.7,29.0,5216
1993-11-05,338.0,335.0,341.0,2.7,29.0,5216
1993-11-06,328.0,325.0,331.0,2.5,29.0,5216
1993-11-07,314.0,311.0,317.0,1.5,29.0,5216
1993-11-08,304.0,300.0,307.0,1.5,29.0,5216
1993-11-09,287.0,282.0,291.0,1.0,29.0,5216
1993-11-10,269.0,266.0,271.0,1.2,29.0,5216
1993-11-11,259.0,257.0,261.0,1.5,29.0,5216
1993-11-12,253.0,253.0,253.0,2.3,29.0,5216
1993-11-13,251.0,249.0,253.0,3.0,29.0,5216
1993-11-14,246.0,245.0,247.0,2.9,29.0,5216
1993-11-15,260.0,249.0,271.0,2.1,29.0,5216
1993-11-16,298.0,287.0,308.0,1.6,29.0,5216
1993-11-17,322.0,321.0,323.0,0.8,29.0,5216
1993-11-18,338.0,335.0,341.0,0.5,2.0,5216
1993-11-19,346.0,345.0,347.0,0.2,2.0,5216
1993-11-20,337.0,333.0,341.0,0.3,2.0,5216
1993-11-21,322.0,317.0,327.0,0.2,,5216
1993-11-22,304.0,301.0,307.0,0.0,15.0,5216
1993-11-23,292.0,289.0,295.0,0.0,15.0,5216
1993-11-24,287.0,286.0,287.0,0.0,16.0,5216
1993-11-25,283.0,281.0,284.0,0.0,16.0,5216
1993-11-26,274.0,271.0,276.0,0.0,16.0,5216
1993-11-27,263.0,261.0,265.0,0.0,16.0,5216
1993-11-28,257.0,255.0,258.0,0.0,16.0,5216
1993-11-29,250.0,248.0,251.0,0.0,16.0,5216
1993-11-30,247.0,246.0,247.0,0.0,16.0,5216
1993-12-01,245.0,245.0,,,16.0,5216
1993-12-02,243.0,243.0,,,16.0,5216
1993-12-03,239.0,239.0,,,16.0,5216
1993-12-04,236.0,236.0,,,16.0,5216
1993-12-05,233.0,233.0,,,16.0,5216
1993-12-06,231.0,231.0,,,16.0,5216
1993-12-07,228.0,228.0,,,16.0,5216
1993-12-08,225.0,225.0,,,16.0,5216
1993-12-09,220.0,220.0,,,16.0,5216
1993-12-10,215.0,215.0,,,16.0,5216
1993-12-11,212.0,212.0,,,16.0,5216
1993-12-12,210.0,210.0,,,16.0,5216
1993-12-13,207.0,207.0,,,16.0,5216
1993-12-14,204.0,204.0,,,16.0,5216
1993-12-15,202.0,202.0,,,16.0,5216
1993-12-16,200.0,200.0,,,16.0,5216
1993-12-17,199.0,199.0,,,16.0,5216
1993-12-18,198.0,198.0,,,16.0,5216
1993-12-19,197.0,197.0,,,16.0,5216
1993-12-20,196.0,196.0,,,16.0,5216
1993-12-21,195.0,195.0,,,16.0,5216
1993-12-22,194.0,194.0,,,16.0,5216
1993-12-23,193.0,193.0,,,16.0,5216
1993-12-24,192.0,192.0,,,16.0,5216
1993-12-25,191.0,191.0,,,16.0,5216
1993-12-26,190.0,190.0,,,16.0,5216
1993-12-27,189.0,189.0,,,16.0,5216
1993-12-28,187.0,187.0,,,16.0,5216
1993-12-29,185.0,185.0,,,16.0,5216
1993-12-30,183.0,183.0,,,16.0,5216
1993-12-31,182.0,182.0,,,16.0,5216
1994-01-01,180.0,180.0,,,16.0,5216
1994-01-02,179.0,179.0,,,16.0,5216
1994-01-03,178.0,178.0,,,16.0,5216
1994-01-04,177.0,177.0,,,16.0,5216
1994-01-05,176.0,176.0,,,16.0,5216
1994-01-06,176.0,176.0,,,16.0,5216
1994-01-07,175.0,175.0,,,16.0,5216
1994-01-08,174.0,174.0,,,16.0,5216
1994-01-09,174.0,174.0,,,16.0,5216
1994-01-10,173.0,173.0,,,16.0,5216
1994-01-11,172.0,172.0,,,16.0,5216
1994-01-12,171.0,171.0,,,16.0,5216
1994-01-13,170.0,170.0,,,16.0,5216
1994-01-14,169.0,169.0,,,16.0,5216
1994-01-15,168.0,168.0,,,16.0,5216
1994-01-16,167.0,167.0,,,16.0,5216
1994-01-17,166.0,166.0,,,16.0,5216
1994-01-18,166.0,166.0,,,16.0,5216
1994-01-19,165.0,165.0,,,16.0,5216
1994-01-20,164.0,164.0,,,16.0,5216
1994-01-21,163.0,163.0,,,16.0,5216
1994-01-22,162.0,162.0,,,16.0,5216
1994-01-23,162.0,162.0,,,16.0,5216
1994-01-24,161.0,161.0,,,16.0,5216
1994-01-25,160.0,160.0,,,16.0,5216
1994-01-26,159.0,159.0,,,16.0,5216
1994-01-27,158.0,158.0,,,16.0,5216
1994-01-28,158.0,158.0,,,16.0,5216
1994-01-29,157.0,157.0,,,16.0,5216
1994-01-30,156.0,156.0,,,16.0,5216
1994-01-31,155.0,155.0,,,16.0,5216
1994-02-01,155.0,155.0,,,16.33,5216
1994-02-02,155.0,155.0,,,16.33,5216
1994-02-03,155.0,155.0,,,16.33,5216
1994-02-04,156.0,156.0,,,16.33,5216
1994-02-05,156.0,156.0,,,16.33,5216
1994-02-06,156.0,156.0,,,16.33,5216
1994-02-07,156.0,156.0,,,16.33,5216
1994-02-08,156.0,156.0,,,16.33,5216
1994-02-09,156.0,156.0,,,16.33,5216
1994-02-10,156.0,156.0,,,16.33,5216
1994-02-11,156.0,156.0,,,16.33,5216
1994-02-12,156.0,156.0,,,16.33,5216
1994-02-13,156.0,156.0,,,16.33,5216
1994-02-14,156.0,156.0,,,16.33,5216
1994-02-15,156.0,156.0,,,16.33,5216
1994-02-16,156.0,156.0,,,16.33,5216
1994-02-17,157.0,157.0,,,16.33,5216
1994-02-18,158.0,158.0,,,16.33,5216
1994-02-19,158.0,158.0,,,16.33,5216
1994-02-20,159.0,159.0,,,16.33,5216
1994-02-21,159.0,159.0,,,16.33,5216
1994-02-22,159.0,159.0,,,16.33,5216
1994-02-23,159.0,159.0,,,16.33,5216
1994-02-24,159.0,159.0,,,16.33,5216
1994-02-25,159.0,159.0,,,16.33,5216
1994-02-26,159.0,159.0,,,16.33,5216
1994-02-27,159.0,159.0,,,16.33,5216
1994-02-28,159.0,159.0,,,16.33,5216
1994-03-01,158.0,158.0,158.0,,16.33,5216
1994-03-02,158.0,158.0,158.0,,16.33,5216
1994-03-03,157.0,157.0,157.0,,16.33,5216
1994-03-04,156.0,156.0,156.0,,16.33,5216
1994-03-05,156.0,156.0,156.0,,16.33,5216
1994-03-06,156.0,156.0,156.0,,16.33,5216
1994-03-07,156.0,156.0,156.0,,16.33,5216
1994-03-08,161.0,156.0,166.0,,16.33,5216
1994-03-09,166.0,166.0,166.0,,16.33,5216
1994-03-10,166.0,166.0,166.0,,16.33,5216
1994-03-11,166.0,166.0,166.0,,16.33,5216
1994-03-12,166.0,166.0,166.0,,16.33,5216
1994-03-13,166.0,166.0,166.0,,16.33,5216
1994-03-14,166.0,166.0,166.0,,16.33,5216
1994-03-15,166.0,166.0,166.0,,16.33,5216
1994-03-16,166.0,166.0,166.0,,16.33,5216
1994-03-17,170.0,166.0,174.0,,16.33,5216
1994-03-18,176.0,174.0,178.0,,16.33,5216
1994-03-19,179.0,178.0,180.0,,16.33,5216
1994-03-20,183.0,180.0,186.0,,16.33,5216
1994-03-21,187.0,186.0,188.0,,16.33,5216
1994-03-22,196.0,188.0,203.0,,16.33,5216
1994-03-23,207.0,205.0,208.0,,16.33,5216
1994-03-24,210.0,208.0,212.0,,16.33,5216
1994-03-25,225.0,215.0,235.0,0.0,16.33,5216
1994-03-26,249.0,247.0,251.0,0.2,24.0,5216
1994-03-27,265.0,258.0,271.0,0.2,25.24,5216
1994-03-28,289.0,286.0,291.0,0.3,25.0,5216
1994-03-29,298.0,297.0,298.0,0.2,25.0,5216
1994-03-30,301.0,300.0,302.0,0.2,25.0,5216
1994-03-31,337.0,332.0,342.0,0.3,25.0,5216
1994-04-01,352.0,351.0,352.0,0.7,25.16,5216
1994-04-02,355.0,354.0,355.0,1.2,25.16,5216
1994-04-03,355.0,354.0,355.0,1.9,,5216
1994-04-04,353.0,352.0,353.0,2.5,29.0,5216
1994-04-05,351.0,350.0,351.0,4.2,29.0,5216
1994-04-06,295.0,248.0,341.0,3.7,29.0,5216
1994-04-07,338.0,336.0,339.0,2.6,29.0,5216
1994-04-08,323.0,320.0,326.0,2.6,29.0,5216
1994-04-09,306.0,301.0,311.0,2.9,29.0,5216
1994-04-10,293.0,291.0,295.0,3.0,29.0,5216
1994-04-11,281.0,279.0,283.0,4.0,29.0,5216
1994-04-12,274.0,274.0,274.0,5.0,29.0,5216
1994-04-13,272.0,271.0,273.0,3.6,29.0,5216
1994-04-14,272.0,272.0,272.0,3.8,29.0,5216
1994-04-15,282.0,271.0,292.0,5.4,29.0,5216
1994-04-16,318.0,315.0,321.0,6.4,29.0,5216
1994-04-17,325.0,325.0,325.0,7.6,29.0,5216
1994-04-18,318.0,315.0,320.0,7.0,29.0,5216
1994-04-19,305.0,301.0,309.0,7.6,29.0,5216
1994-04-20,290.0,286.0,293.0,8.1,29.0,5216
1994-04-21,274.0,271.0,277.0,8.9,29.0,5216
1994-04-22,262.0,259.0,265.0,9.5,29.0,5216
1994-04-23,253.0,251.0,255.0,9.4,29.0,5216
1994-04-24,247.0,245.0,248.0,9.6,29.0,5216
1994-04-25,240.0,239.0,241.0,9.7,29.0,5216
1994-04-26,234.0,233.0,235.0,10.1,29.0,5216
1994-04-27,230.0,229.0,230.0,10.5,29.0,5216
1994-04-28,227.0,226.0,227.0,9.5,29.0,5216
1994-04-29,225.0,224.0,225.0,9.0,29.0,5216
1994-04-30,223.0,223.0,223.0,9.1,29.0,5216
1994-05-01,221.0,220.0,221.0,8.6,29.0,5216
1994-05-02,222.0,221.0,223.0,8.0,29.0,5216
1994-05-03,228.0,225.0,231.0,7.7,29.0,5216
1994-05-04,246.0,235.0,256.0,7.7,29.0,5216
1994-05-05,264.0,261.0,267.0,7.6,29.0,5216
1994-05-06,259.0,253.0,264.0,8.4,29.0,5216
1994-05-07,265.0,257.0,273.0,9.5,29.0,5216
1994-05-08,305.0,301.0,308.0,10.8,29.0,5216
1994-05-09,314.0,313.0,314.0,10.4,29.0,5216
1994-05-10,314.0,312.0,315.0,11.0,29.0,5216
1994-05-11,305.0,301.0,309.0,12.3,29.0,5216
1994-05-12,293.0,290.0,295.0,13.7,29.0,5216
1994-05-13,279.0,277.0,281.0,16.0,29.0,5216
1994-05-14,269.0,267.0,271.0,14.5,29.0,5216
1994-05-15,263.0,262.0,263.0,13.1,29.0,5216
1994-05-16,260.0,259.0,260.0,13.1,29.0,5216
1994-05-17,258.0,257.0,258.0,11.9,29.0,5216
1994-05-18,254.0,253.0,255.0,11.6,29.0,5216
1994-05-19,249.0,248.0,250.0,12.9,29.0,5216
1994-05-20,244.0,243.0,245.0,13.1,29.0,5216
1994-05-21,239.0,237.0,240.0,13.8,29.0,5216
1994-05-22,237.0,234.0,239.0,15.7,29.0,5216
1994-05-23,230.0,229.0,231.0,17.7,29.0,5216
1994-05-24,225.0,223.0,226.0,18.0,29.0,5216
1994-05-25,219.0,218.0,219.0,16.8,29.0,5216
1994-05-26,215.0,214.0,215.0,16.9,29.0,5216
1994-05-27,213.0,213.0,213.0,15.1,29.0,5216
1994-05-28,213.0,211.0,215.0,13.7,29.0,5216
1994-05-29,221.0,218.0,223.0,13.5,29.0,5216
1994-05-30,242.0,233.0,257.0,15.1,29.0,5216
1994-05-31,278.0,264.0,300.0,15.5,29.0,5216
1994-06-01,314.0,309.0,319.0,17.2,29.0,5216
1994-06-02,313.0,311.0,315.0,19.1,29.0,5216
1994-06-03,306.0,303.0,308.0,19.0,29.0,5216
1994-06-04,295.0,293.0,297.0,19.3,29.0,5216
1994-06-05,287.0,285.0,288.0,19.3,29.0,5216
1994-06-06,282.0,281.0,283.0,19.3,29.0,5216
1994-06-07,278.0,277.0,279.0,18.7,29.0,5216
1994-06-08,273.0,271.0,275.0,17.6,29.0,5216
1994-06-09,264.0,260.0,267.0,18.1,29.0,5216
1994-06-10,251.0,247.0,255.0,18.7,29.0,5216
1994-06-11,235.0,231.0,239.0,19.4,29.0,5216
1994-06-12,227.0,226.0,227.0,20.3,29.0,5216
1994-06-13,220.0,218.0,221.0,21.2,29.0,5216
1994-06-14,215.0,215.0,215.0,22.3,29.0,5216
1994-06-15,214.0,214.0,214.0,23.6,29.0,5216
1994-06-16,215.0,213.0,216.0,21.0,29.0,5216
1994-06-17,217.0,217.0,217.0,20.6,29.0,5216
1994-06-18,220.0,219.0,220.0,20.3,29.0,5216
1994-06-19,221.0,221.0,221.0,20.7,29.0,5216
1994-06-20,221.0,220.0,221.0,20.9,29.0,5216
1994-06-21,216.0,215.0,217.0,19.1,29.0,5216
1994-06-22,210.0,208.0,211.0,19.1,29.0,5216
1994-06-23,204.0,203.0,205.0,20.5,29.0,5216
1994-06-24,200.0,199.0,201.0,22.1,29.0,5216
1994-06-25,201.0,201.0,201.0,21.5,29.0,5216
1994-06-26,198.0,197.0,199.0,19.8,29.0,5216
1994-06-27,199.0,198.0,199.0,17.4,29.0,5216
1994-06-28,197.0,197.0,197.0,17.8,29.0,5216
1994-06-29,197.0,197.0,197.0,17.1,29.0,5216
1994-06-30,201.0,199.0,202.0,18.7,29.0,5216
1994-07-01,209.0,207.0,211.0,19.1,29.0,5216
1994-07-02,221.0,217.0,225.0,20.3,29.0,5216
1994-07-03,234.0,231.0,236.0,22.7,29.0,5216
1994-07-04,240.0,239.0,241.0,21.8,29.0,5216
1994-07-05,239.0,237.0,241.0,22.5,29.0,5216
1994-07-06,231.0,229.0,233.0,21.5,29.0,5216
1994-07-07,222.0,220.0,224.0,19.7,29.0,5216
1994-07-08,216.0,215.0,217.0,20.2,29.0,5216
1994-07-09,213.0,213.0,213.0,19.4,29.0,5216
1994-07-10,222.0,219.0,225.0,19.3,29.0,5216
1994-07-11,227.0,227.0,227.0,20.5,29.0,5216
1994-07-12,231.0,229.0,233.0,21.7,29.0,5216
1994-07-13,246.0,242.0,251.0,21.8,29.0,5216
1994-07-14,262.0,255.0,274.0,22.0,29.0,5216
1994-07-15,283.0,279.0,287.0,22.4,29.0,5216
1994-07-16,297.0,295.0,299.0,23.0,29.0,5216
1994-07-17,301.0,301.0,301.0,24.5,29.0,5216
1994-07-18,294.0,291.0,297.0,25.1,29.0,5216
1994-07-19,278.0,273.0,282.0,24.5,29.0,5216
1994-07-20,262.0,259.0,265.0,24.8,29.0,5216
1994-07-21,248.0,244.0,251.0,25.8,29.0,5216
1994-07-22,232.0,227.0,237.0,28.0,29.0,5216
1994-07-23,218.0,215.0,221.0,26.7,29.0,5216
1994-07-24,208.0,207.0,209.0,26.9,29.0,5216
1994-07-25,202.0,201.0,203.0,24.6,29.0,5216
1994-07-26,197.0,197.0,197.0,25.3,29.0,5216
1994-07-27,193.0,191.0,194.0,26.5,29.0,5216
1994-07-28,190.0,189.0,190.0,25.8,29.0,5216
1994-07-29,187.0,187.0,187.0,24.2,29.0,5216
1994-07-30,185.0,185.0,185.0,23.8,29.0,5216
1994-07-31,185.0,185.0,185.0,23.2,29.0,5216
1994-08-01,184.0,183.0,185.0,25.0,29.0,5216
1994-08-02,183.0,182.0,183.0,26.9,29.0,5216
1994-08-03,182.0,182.0,182.0,25.6,29.0,5216
1994-08-04,181.0,181.0,181.0,26.0,29.0,5216
1994-08-05,181.0,181.0,181.0,26.2,29.0,5216
1994-08-06,181.0,181.0,181.0,25.1,29.0,5216
1994-08-07,181.0,181.0,181.0,26.2,29.0,5216
1994-08-08,181.0,180.0,181.0,24.9,29.0,5216
1994-08-09,180.0,179.0,180.0,24.9,29.0,5216
1994-08-10,179.0,179.0,179.0,24.9,29.0,5216
1994-08-11,182.0,181.0,183.0,24.6,29.0,5216
1994-08-12,183.0,183.0,183.0,25.7,29.0,5216
1994-08-13,186.0,184.0,187.0,25.7,29.0,5216
1994-08-14,193.0,191.0,195.0,24.0,29.0,5216
1994-08-15,208.0,204.0,214.0,22.9,29.0,5216
1994-08-16,225.0,217.0,237.0,22.2,29.0,5216
1994-08-17,249.0,245.0,252.0,22.9,29.0,5216
1994-08-18,260.0,257.0,262.0,23.7,29.0,5216
1994-08-19,272.0,269.0,275.0,22.8,29.0,5216
1994-08-20,285.0,281.0,289.0,22.0,29.0,5216
1994-08-21,303.0,299.0,306.0,21.7,29.0,5216
1994-08-22,311.0,310.0,311.0,21.8,29.0,5216
1994-08-23,309.0,307.0,311.0,23.0,29.0,5216
1994-08-24,298.0,292.0,302.0,22.9,29.0,5216
1994-08-25,281.0,269.0,288.0,22.8,29.0,5216
1994-08-26,260.0,249.0,265.0,23.5,29.0,5216
1994-08-27,238.0,233.0,243.0,24.0,29.0,5216
1994-08-28,221.0,217.0,225.0,23.8,29.0,5216
1994-08-29,209.0,206.0,211.0,24.3,29.0,5216
1994-08-30,202.0,200.0,203.0,24.3,29.0,5216
1994-08-31,198.0,197.0,199.0,25.4,29.0,5216
1994-09-01,197.0,197.0,197.0,24.6,29.0,5216
1994-09-02,197.0,197.0,197.0,24.2,29.0,5216
1994-09-03,196.0,195.0,196.0,22.9,29.0,5216
1994-09-04,192.0,191.0,193.0,23.0,29.0,5216
1994-09-05,190.0,188.0,191.0,22.6,29.0,5216
1994-09-06,191.0,191.0,191.0,21.6,29.0,5216
1994-09-07,190.0,189.0,190.0,20.9,29.0,5216
1994-09-08,187.0,186.0,187.0,20.7,29.0,5216
1994-09-09,186.0,186.0,186.0,19.1,29.0,5216
1994-09-10,185.0,184.0,185.0,19.1,29.0,5216
1994-09-11,183.0,182.0,183.0,19.7,29.0,5216
1994-09-12,181.0,181.0,181.0,17.3,29.0,5216
1994-09-13,181.0,180.0,181.0,16.8,29.0,5216
1994-09-14,180.0,180.0,180.0,16.7,29.0,5216
1994-09-15,179.0,178.0,179.0,16.9,29.0,5216
1994-09-16,178.0,177.0,178.0,17.1,29.0,5216
1994-09-17,178.0,177.0,178.0,17.9,29.0,5216
1994-09-18,186.0,180.0,196.0,17.5,29.0,5216
1994-09-19,220.0,199.0,247.0,17.5,29.0,5216
1994-09-20,273.0,252.0,327.0,15.8,29.0,5216
1994-09-21,367.0,347.0,389.0,15.8,29.0,5216
1994-09-22,392.0,389.0,394.0,16.2,29.0,5216
1994-09-23,382.0,379.0,385.0,15.9,29.0,5216
1994-09-24,373.0,371.0,375.0,14.6,29.0,5216
1994-09-25,363.0,361.0,365.0,14.2,29.0,5216
1994-09-26,354.0,352.0,356.0,14.2,29.0,5216
1994-09-27,347.0,345.0,349.0,14.4,29.0,5216
1994-09-28,340.0,339.0,341.0,14.2,29.0,5216
1994-09-29,334.0,332.0,335.0,14.1,29.0,5216
1994-09-30,330.0,329.0,331.0,14.2,29.0,5216
1994-10-01,329.0,329.0,329.0,13.8,29.0,5216
1994-10-02,327.0,326.0,327.0,14.1,29.0,5216
1994-10-03,325.0,325.0,325.0,14.8,29.0,5216
1994-10-04,332.0,327.0,338.0,14.6,29.0,5216
1994-10-05,356.0,339.0,390.0,12.0,29.0,5216
1994-10-06,401.0,396.0,405.0,11.8,29.0,5216
1994-10-07,388.0,385.0,391.0,11.6,29.0,5216
1994-10-08,376.0,373.0,378.0,11.8,29.0,5216
1994-10-09,365.0,363.0,367.0,11.8,29.0,5216
1994-10-10,357.0,355.0,359.0,10.4,29.0,5216
1994-10-11,349.0,347.0,351.0,11.5,29.0,5216
1994-10-12,342.0,341.0,343.0,11.2,29.0,5216
1994-10-13,348.0,345.0,351.0,10.7,29.0,5216
1994-10-14,374.0,369.0,378.0,11.3,29.0,5216
1994-10-15,385.0,383.0,387.0,11.1,29.0,5216
1994-10-16,374.0,371.0,377.0,10.7,29.0,5216
1994-10-17,363.0,360.0,365.0,9.6,29.0,5216
1994-10-18,355.0,352.0,357.0,9.3,29.0,5216
1994-10-19,347.0,345.0,349.0,9.2,29.0,5216
1994-10-20,340.0,339.0,341.0,7.8,29.0,5216
1994-10-21,334.0,333.0,335.0,6.3,29.0,5216
1994-10-22,328.0,327.0,329.0,5.5,29.0,5216
1994-10-23,321.0,319.0,323.0,4.2,29.0,5216
1994-10-24,313.0,311.0,315.0,3.4,2.0,5216
1994-10-25,306.0,304.0,307.0,3.9,2.0,5216
1994-10-26,299.0,297.0,300.0,4.4,29.0,5216
1994-10-27,292.0,289.0,295.0,5.3,29.0,5216
1994-10-28,284.0,282.0,285.0,6.2,29.0,5216
1994-10-29,277.0,275.0,279.0,4.6,29.0,5216
1994-10-30,272.0,270.0,273.0,4.1,29.0,5216
1994-10-31,267.0,266.0,267.0,3.9,29.0,5216
1994-11-01,265.0,265.0,266.0,3.9,29.0,5216
1994-11-02,263.0,263.0,263.0,5.6,29.0,5216
1994-11-03,263.0,263.0,263.0,4.5,29.0,5216
1994-11-04,262.0,262.0,262.0,2.6,2.0,5216
1994-11-05,261.0,260.0,261.0,4.5,29.0,5216
1994-11-06,259.0,259.0,259.0,5.4,29.0,5216
1994-11-07,256.0,255.0,257.0,1.6,2.0,5216
1994-11-08,255.0,255.0,255.0,1.5,2.0,5216
1994-11-09,255.0,254.0,255.0,2.6,29.0,5216
1994-11-10,252.0,251.0,253.0,1.8,2.0,5216
1994-11-11,248.0,247.0,249.0,1.8,2.0,5216
1994-11-12,244.0,243.0,245.0,1.0,2.0,5216
1994-11-13,238.0,237.0,239.0,0.6,2.0,5216
1994-11-14,234.0,233.0,235.0,0.1,2.0,5216
1994-11-15,229.0,228.0,230.0,0.0,15.0,5216
1994-11-16,225.0,224.0,226.0,0.0,16.0,5216
1994-11-17,217.0,215.0,219.0,0.0,16.0,5216
1994-11-18,211.0,211.0,211.0,0.0,16.0,5216
1994-11-19,208.0,208.0,208.0,0.0,16.0,5216
1994-11-20,205.0,205.0,205.0,0.0,16.0,5216
1994-11-21,202.0,202.0,202.0,0.0,16.0,5216
1994-11-22,199.0,199.0,199.0,0.0,16.0,5216
1994-11-23,198.0,197.0,198.0,0.0,16.0,5216
1994-11-24,197.0,196.0,197.0,0.0,16.0,5216
1994-11-25,195.0,195.0,195.0,0.0,16.0,5216
1994-11-26,194.0,193.0,194.0,0.0,16.0,5216
1994-11-27,191.0,191.0,191.0,0.0,16.0,5216
1994-11-28,190.0,189.0,190.0,0.0,16.0,5216
1994-11-29,188.0,187.0,188.0,0.0,16.0,5216
1994-11-30,186.0,186.0,186.0,0.0,16.0,5216
1994-12-01,186.0,186.0,,,16.0,5216
1994-12-02,185.0,185.0,,,16.0,5216
1994-12-03,184.0,184.0,,,16.0,5216
1994-12-04,183.0,183.0,,,16.0,5216
1994-12-05,182.0,182.0,,,16.0,5216
1994-12-06,181.0,181.0,,,16.0,5216
1994-12-07,180.0,180.0,,,16.0,5216
1994-12-08,179.0,179.0,,,16.0,5216
1994-12-09,179.0,179.0,,,16.0,5216
1994-12-10,178.0,178.0,,,16.0,5216
1994-12-11,178.0,178.0,,,16.0,5216
1994-12-12,180.0,180.0,,,16.0,5216
1994-12-13,181.0,181.0,,,16.0,5216
1994-12-14,184.0,184.0,,,16.0,5216
1994-12-15,184.0,184.0,,,16.0,5216
1994-12-16,184.0,184.0,,,16.0,5216
1994-12-17,184.0,184.0,,,16.0,5216
1994-12-18,184.0,184.0,,,16.0,5216
1994-12-19,184.0,184.0,,,16.0,5216
1994-12-20,184.0,184.0,,,16.0,5216
1994-12-21,183.0,183.0,,,16.0,5216
1994-12-22,182.0,182.0,,,16.0,5216
1994-12-23,181.0,181.0,,,16.0,5216
1994-12-24,180.0,180.0,,,16.0,5216
1994-12-25,179.0,179.0,,,16.0,5216
1994-12-26,178.0,178.0,,,16.0,5216
1994-12-27,177.0,177.0,,,16.0,5216
1994-12-28,176.0,176.0,,,16.0,5216
1994-12-29,175.0,175.0,,,16.0,5216
1994-12-30,174.0,174.0,,,16.0,5216
1994-12-31,173.0,173.0,,,16.0,5216
1995-01-01,172.0,172.0,,,16.33,5216
1995-01-02,171.0,171.0,,,16.33,5216
1995-01-03,170.0,170.0,,,16.33,5216
1995-01-04,170.0,170.0,,,16.33,5216
1995-01-05,169.0,169.0,,,16.33,5216
1995-01-06,169.0,169.0,,,16.33,5216
1995-01-07,168.0,168.0,,,16.33,5216
1995-01-08,168.0,168.0,,,16.33,5216
1995-01-09,167.0,167.0,,,16.33,5216
1995-01-10,166.0,166.0,,,16.33,5216
1995-01-11,166.0,166.0,,,16.33,5216
1995-01-12,165.0,165.0,,,16.33,5216
1995-01-13,165.0,165.0,,,16.33,5216
1995-01-14,164.0,164.0,,,16.33,5216
1995-01-15,164.0,164.0,,,16.33,5216
1995-01-16,163.0,163.0,,,16.33,5216
1995-01-17,163.0,163.0,,,16.33,5216
1995-01-18,162.0,162.0,,,16.33,5216
1995-01-19,162.0,162.0,,,16.33,5216
1995-01-20,162.0,162.0,,,16.33,5216
1995-01-21,161.0,161.0,,,16.33,5216
1995-01-22,161.0,161.0,,,16.33,5216
1995-01-23,160.0,160.0,,,16.33,5216
1995-01-24,160.0,160.0,,,16.33,5216
1995-01-25,159.0,159.0,,,16.33,5216
1995-01-26,159.0,159.0,,,16.33,5216
1995-01-27,158.0,158.0,,,16.33,5216
1995-01-28,158.0,158.0,,,16.33,5216
1995-01-29,157.0,157.0,,,16.33,5216
1995-01-30,157.0,157.0,,,16.33,5216
1995-01-31,156.0,156.0,,,16.33,5216
1995-02-01,156.0,156.0,,,16.33,5216
1995-02-02,156.0,156.0,,,16.33,5216
1995-02-03,155.0,155.0,,,16.33,5216
1995-02-04,154.0,154.0,,,16.33,5216
1995-02-05,153.0,153.0,,,16.33,5216
1995-02-06,152.0,152.0,,,16.33,5216
1995-02-07,151.0,151.0,,,16.33,5216
1995-02-08,150.0,150.0,,,16.33,5216
1995-02-09,149.0,149.0,,,16.33,5216
1995-02-10,148.0,148.0,,,16.33,5216
1995-02-11,147.0,147.0,,,16.33,5216
1995-02-12,146.0,146.0,,,16.33,5216
1995-02-13,146.0,146.0,,,16.33,5216
1995-02-14,145.0,145.0,,,16.33,5216
1995-02-15,145.0,145.0,,,16.33,5216
1995-02-16,145.0,145.0,,,16.33,5216
1995-02-17,144.0,144.0,,,16.33,5216
1995-02-18,144.0,144.0,,,16.33,5216
1995-02-19,144.0,144.0,,,16.33,5216
1995-02-20,143.0,143.0,,,16.33,5216
1995-02-21,143.0,143.0,,,16.33,5216
1995-02-22,142.0,142.0,,,16.33,5216
1995-02-23,142.0,142.0,,,16.33,5216
1995-02-24,142.0,142.0,,,16.33,5216
1995-02-25,142.0,142.0,,,16.33,5216
1995-02-26,141.0,141.0,,,16.33,5216
1995-02-27,141.0,141.0,,,16.33,5216
1995-02-28,141.0,141.0,,,16.33,5216
1995-03-01,140.0,140.0,140.0,,16.33,5216
1995-03-02,140.0,140.0,140.0,,16.33,5216
1995-03-03,139.0,139.0,139.0,,16.33,5216
1995-03-04,139.0,139.0,139.0,,16.33,5216
1995-03-05,139.0,139.0,139.0,,16.33,5216
1995-03-06,139.0,139.0,139.0,,16.33,5216
1995-03-07,139.0,139.0,139.0,0.2,16.33,5216
1995-03-08,140.0,139.0,141.0,0.3,16.33,5216
1995-03-09,141.0,141.0,141.0,0.0,16.33,5216
1995-03-10,145.0,141.0,148.0,0.3,16.33,5216
1995-03-11,152.0,148.0,156.0,0.2,16.33,5216
1995-03-12,156.0,156.0,156.0,0.4,16.33,5216
1995-03-13,160.0,158.0,161.0,0.4,16.33,5216
1995-03-14,164.0,162.0,166.0,0.4,16.33,5216
1995-03-15,169.0,167.0,170.0,0.3,16.33,5216
1995-03-16,181.0,170.0,191.0,0.6,16.33,5216
1995-03-17,193.0,192.0,193.0,0.0,16.33,5216
1995-03-18,192.0,192.0,192.0,0.0,16.33,5216
1995-03-19,199.0,198.0,200.0,0.0,16.33,5216
1995-03-20,204.0,203.0,204.0,0.1,16.33,5216
1995-03-21,205.0,204.0,205.0,0.0,16.33,5216
1995-03-22,210.0,209.0,210.0,0.0,16.33,5216
1995-03-23,209.0,209.0,209.0,0.0,16.33,5216
1995-03-24,205.0,204.0,205.0,0.0,16.33,5216
1995-03-25,198.0,197.0,199.0,0.1,16.33,5216
1995-03-26,194.0,193.0,195.0,0.2,16.33,5216
1995-03-27,192.0,190.0,193.0,0.4,24.16,5216
1995-03-28,188.0,186.0,189.0,0.3,24.0,5216
1995-03-29,185.0,185.0,185.0,0.3,24.0,5216
1995-03-30,188.0,186.0,189.0,0.3,16.0,5216
1995-03-31,190.0,187.0,193.0,0.2,16.0,5216
1995-04-01,192.0,191.0,193.0,0.1,16.0,5216
1995-04-02,193.0,191.0,195.0,0.2,16.0,5216
1995-04-03,198.0,194.0,202.0,0.9,16.0,5216
1995-04-04,201.0,197.0,205.0,1.1,16.0,5216
1995-04-05,204.0,201.0,206.0,0.8,16.0,5216
1995-04-06,201.0,201.0,201.0,0.5,16.0,5216
1995-04-07,207.0,199.0,215.0,0.3,16.0,5216
1995-04-08,205.0,198.0,211.0,0.7,16.0,5216
1995-04-09,197.0,197.0,197.0,0.9,16.0,5216
1995-04-10,197.0,197.0,197.0,1.2,16.0,5216
1995-04-11,198.0,197.0,198.0,1.7,16.0,5216
1995-04-12,199.0,198.0,199.0,2.7,16.0,5216
1995-04-13,199.0,199.0,199.0,3.2,29.16,5216
1995-04-14,199.0,198.0,199.0,3.7,29.0,5216
1995-04-15,197.0,196.0,197.0,4.7,29.0,5216
1995-04-16,196.0,195.0,197.0,4.5,29.0,5216
1995-04-17,198.0,197.0,198.0,4.5,29.0,5216
1995-04-18,199.0,199.0,199.0,5.4,29.0,5216
1995-04-19,200.0,199.0,200.0,4.8,29.0,5216
1995-04-20,202.0,201.0,202.0,6.1,29.0,5216
1995-04-21,202.0,201.0,202.0,7.2,29.0,5216
1995-04-22,204.0,203.0,205.0,8.3,29.0,5216
1995-04-23,208.0,207.0,208.0,8.5,29.0,5216
1995-04-24,208.0,207.0,208.0,8.5,29.0,5216
1995-04-25,206.0,205.0,206.0,9.5,29.0,5216
1995-04-26,205.0,205.0,205.0,11.1,29.0,5216
1995-04-27,201.0,200.0,201.0,11.7,29.0,5216
1995-04-28,198.0,197.0,198.0,12.4,29.0,5216
1995-04-29,196.0,196.0,196.0,13.0,29.0,5216
1995-04-30,194.0,193.0,195.0,11.5,29.0,5216
1995-05-01,192.0,191.0,192.0,12.0,29.0,5216
1995-05-02,189.0,189.0,189.0,11.7,29.0,5216
1995-05-03,189.0,189.0,189.0,11.4,29.0,5216
1995-05-04,188.0,188.0,188.0,10.6,29.0,5216
1995-05-05,187.0,187.0,187.0,9.7,29.0,5216
1995-05-06,187.0,187.0,187.0,11.1,29.0,5216
1995-05-07,187.0,187.0,187.0,11.6,29.0,5216
1995-05-08,186.0,186.0,186.0,11.5,29.0,5216
1995-05-09,186.0,186.0,186.0,11.5,29.0,5216
1995-05-10,185.0,184.0,185.0,11.8,29.0,5216
1995-05-11,187.0,185.0,188.0,10.8,29.0,5216
1995-05-12,192.0,190.0,194.0,11.0,29.0,5216
1995-05-13,203.0,196.0,218.0,13.4,29.0,5216
1995-05-14,235.0,224.0,250.0,14.2,29.0,5216
1995-05-15,269.0,255.0,290.0,14.7,29.0,5216
1995-05-16,300.0,295.0,305.0,16.4,29.0,5216
1995-05-17,251.0,197.0,305.0,16.0,29.0,5216
1995-05-18,286.0,282.0,289.0,14.2,29.0,5216
1995-05-19,269.0,266.0,272.0,14.2,29.0,5216
1995-05-20,255.0,251.0,259.0,14.1,29.0,5216
1995-05-21,238.0,234.0,241.0,15.3,29.0,5216
1995-05-22,225.0,223.0,227.0,15.2,29.0,5216
1995-05-23,218.0,217.0,219.0,14.9,29.0,5216
1995-05-24,215.0,214.0,215.0,13.4,29.0,5216
1995-05-25,215.0,215.0,215.0,13.0,29.0,5216
1995-05-26,215.0,215.0,215.0,14.6,29.0,5216
1995-05-27,214.0,213.0,214.0,15.1,29.0,5216
1995-05-28,211.0,211.0,211.0,16.6,29.0,5216
1995-05-29,211.0,211.0,211.0,16.2,29.0,5216
1995-05-30,214.0,213.0,215.0,15.4,29.0,5216
1995-05-31,219.0,217.0,221.0,15.1,29.0,5216
1995-06-01,224.0,223.0,225.0,16.4,29.0,5216
1995-06-02,227.0,226.0,227.0,16.7,29.0,5216
1995-06-03,229.0,228.0,230.0,16.8,29.0,5216
1995-06-04,234.0,232.0,235.0,16.9,29.0,5216
1995-06-05,239.0,239.0,239.0,18.8,29.0,5216
1995-06-06,239.0,238.0,239.0,19.0,29.0,5216
1995-06-07,235.0,233.0,236.0,17.3,29.0,5216
1995-06-08,226.0,223.0,228.0,16.6,29.0,5216
1995-06-09,215.0,213.0,217.0,18.0,29.0,5216
1995-06-10,207.0,205.0,209.0,19.7,29.0,5216
1995-06-11,200.0,198.0,201.0,18.6,29.0,5216
1995-06-12,194.0,193.0,195.0,19.2,29.0,5216
1995-06-13,190.0,189.0,190.0,18.1,29.0,5216
1995-06-14,186.0,185.0,186.0,20.5,29.0,5216
1995-06-15,183.0,182.0,183.0,21.6,29.0,5216
1995-06-16,180.0,179.0,180.0,22.4,29.0,5216
1995-06-17,179.0,179.0,179.0,22.9,29.0,5216
1995-06-18,177.0,177.0,177.0,21.5,29.0,5216
1995-06-19,176.0,176.0,176.0,19.5,29.0,5216
1995-06-20,175.0,175.0,175.0,20.5,29.0,5216
1995-06-21,174.0,173.0,174.0,20.8,29.0,5216
1995-06-22,173.0,173.0,173.0,19.2,29.0,5216
1995-06-23,173.0,172.0,173.0,17.4,29.0,5216
1995-06-24,173.0,173.0,173.0,16.2,29.0,5216
1995-06-25,174.0,173.0,174.0,16.5,29.0,5216
1995-06-26,175.0,174.0,175.0,18.9,29.0,5216
1995-06-27,175.0,175.0,175.0,19.0,29.0,5216
1995-06-28,178.0,177.0,179.0,17.5,29.0,5216
1995-06-29,180.0,179.0,181.0,17.8,29.0,5216
1995-06-30,181.0,181.0,181.0,19.6,29.0,5216
1995-07-01,183.0,182.0,183.0,19.2,29.0,5216
1995-07-02,186.0,185.0,186.0,20.0,29.0,5216
1995-07-03,189.0,188.0,189.0,19.2,29.0,5216
1995-07-04,190.0,190.0,190.0,18.1,29.0,5216
1995-07-05,190.0,190.0,190.0,18.3,29.0,5216
1995-07-06,190.0,190.0,190.0,18.3,29.0,5216
1995-07-07,190.0,190.0,190.0,20.8,29.0,5216
1995-07-08,189.0,189.0,189.0,22.6,29.0,5216
1995-07-09,188.0,187.0,188.0,23.0,29.0,5216
1995-07-10,188.0,187.0,188.0,24.1,29.0,5216
1995-07-11,191.0,190.0,191.0,23.8,29.0,5216
1995-07-12,191.0,191.0,191.0,25.2,29.0,5216
1995-07-13,191.0,190.0,191.0,25.4,29.0,5216
1995-07-14,188.0,187.0,189.0,25.0,29.0,5216
1995-07-15,184.0,183.0,185.0,24.1,29.0,5216
1995-07-16,181.0,180.0,181.0,22.6,29.0,5216
1995-07-17,178.0,177.0,179.0,23.7,29.0,5216
1995-07-18,175.0,175.0,175.0,24.9,29.0,5216
1995-07-19,174.0,174.0,174.0,24.8,29.0,5216
1995-07-20,174.0,173.0,174.0,24.4,29.0,5216
1995-07-21,173.0,173.0,173.0,24.7,29.0,5216
1995-07-22,172.0,172.0,172.0,24.9,29.0,5216
1995-07-23,171.0,171.0,171.0,25.1,29.0,5216
1995-07-24,171.0,170.0,171.0,24.8,29.0,5216
1995-07-25,170.0,170.0,170.0,24.3,29.0,5216
1995-07-26,170.0,169.0,170.0,25.6,29.0,5216
1995-07-27,171.0,169.0,173.0,25.7,29.0,5216
1995-07-28,171.0,171.0,171.0,25.9,29.0,5216
1995-07-29,170.0,169.0,170.0,24.8,29.0,5216
1995-07-30,169.0,169.0,169.0,24.3,29.0,5216
1995-07-31,171.0,170.0,171.0,25.1,29.0,5216
1995-08-01,171.0,171.0,171.0,24.7,29.0,5216
1995-08-02,171.0,171.0,171.0,23.4,29.0,5216
1995-08-03,172.0,171.0,173.0,23.7,29.0,5216
1995-08-04,176.0,174.0,177.0,23.3,29.0,5216
1995-08-05,183.0,181.0,185.0,22.8,29.0,5216
1995-08-06,189.0,188.0,190.0,22.4,29.0,5216
1995-08-07,193.0,190.0,195.0,22.2,29.0,5216
1995-08-08,201.0,199.0,202.0,22.4,29.0,5216
1995-08-09,206.0,205.0,207.0,23.2,29.0,5216
1995-08-10,213.0,211.0,214.0,22.9,29.0,5216
1995-08-11,218.0,217.0,219.0,23.0,29.0,5216
1995-08-12,220.0,220.0,220.0,22.8,29.0,5216
1995-08-13,221.0,221.0,221.0,22.8,29.0,5216
1995-08-14,220.0,220.0,220.0,23.1,29.0,5216
1995-08-15,220.0,219.0,221.0,22.9,29.0,5216
1995-08-16,219.0,218.0,220.0,22.0,29.0,5216
1995-08-17,214.0,213.0,215.0,21.3,29.0,5216
1995-08-18,220.0,217.0,222.0,21.3,29.0,5216
1995-08-19,230.0,227.0,234.0,21.7,29.0,5216
1995-08-20,243.0,236.0,254.0,21.7,29.0,5216
1995-08-21,264.0,260.0,267.0,20.4,29.0,5216
1995-08-22,275.0,273.0,277.0,20.6,29.0,5216
1995-08-23,280.0,279.0,281.0,21.5,29.0,5216
1995-08-24,281.0,281.0,281.0,22.1,29.0,5216
1995-08-25,278.0,276.0,280.0,22.3,29.0,5216
1995-08-26,268.0,264.0,271.0,22.2,29.0,5216
1995-08-27,253.0,249.0,257.0,21.6,29.0,5216
1995-08-28,237.0,232.0,241.0,21.2,29.0,5216
1995-08-29,221.0,216.0,225.0,22.2,29.0,5216
1995-08-30,206.0,203.0,209.0,23.0,29.0,5216
1995-08-31,197.0,195.0,198.0,22.5,29.0,5216
1995-09-01,193.0,192.0,193.0,21.7,29.0,5216
1995-09-02,192.0,191.0,193.0,21.8,29.0,5216
1995-09-03,194.0,194.0,194.0,19.9,29.0,5216
1995-09-04,194.0,193.0,194.0,17.4,29.0,5216
1995-09-05,195.0,194.0,195.0,17.4,29.0,5216
1995-09-06,197.0,196.0,197.0,18.3,29.0,5216
1995-09-07,200.0,199.0,201.0,17.8,29.0,5216
1995-09-08,204.0,203.0,205.0,18.2,29.0,5216
1995-09-09,208.0,207.0,208.0,18.1,29.0,5216
1995-09-10,208.0,207.0,209.0,17.6,29.0,5216
1995-09-11,210.0,209.0,210.0,16.2,29.0,5216
1995-09-12,206.0,205.0,207.0,15.5,29.0,5216
1995-09-13,208.0,207.0,209.0,15.1,29.0,5216
1995-09-14,208.0,207.0,209.0,15.0,29.0,5216
1995-09-15,203.0,201.0,205.0,13.9,29.0,5216
1995-09-16,196.0,194.0,197.0,13.7,29.0,5216
1995-09-17,190.0,188.0,191.0,12.8,29.0,5216
1995-09-18,185.0,184.0,186.0,13.6,29.0,5216
1995-09-19,183.0,182.0,183.0,13.7,29.0,5216
1995-09-20,180.0,179.0,181.0,14.2,29.0,5216
1995-09-21,179.0,179.0,179.0,14.8,29.0,5216
1995-09-22,177.0,176.0,177.0,15.8,29.0,5216
1995-09-23,175.0,175.0,175.0,16.1,29.0,5216
1995-09-24,174.0,174.0,174.0,16.7,29.0,5216
1995-09-25,173.0,173.0,173.0,15.6,29.0,5216
1995-09-26,175.0,174.0,176.0,15.7,29.0,5216
1995-09-27,179.0,178.0,179.0,14.9,29.0,5216
1995-09-28,182.0,181.0,183.0,14.5,29.0,5216
1995-09-29,187.0,186.0,187.0,15.2,29.0,5216
1995-09-30,188.0,188.0,188.0,13.7,29.0,5216
1995-10-01,189.0,188.0,189.0,14.0,29.0,5216
1995-10-02,188.0,188.0,188.0,14.3,29.0,5216
1995-10-03,191.0,190.0,191.0,13.1,29.0,5216
1995-10-04,191.0,191.0,191.0,11.3,29.0,5216
1995-10-05,190.0,189.0,191.0,10.6,29.0,5216
1995-10-06,187.0,186.0,188.0,9.4,29.0,5216
1995-10-07,185.0,184.0,185.0,9.2,29.0,5216
1995-10-08,182.0,181.0,182.0,9.1,29.0,5216
1995-10-09,179.0,178.0,179.0,9.4,29.0,5216
1995-10-10,177.0,177.0,177.0,8.7,29.0,5216
1995-10-11,175.0,175.0,175.0,10.9,29.0,5216
1995-10-12,175.0,175.0,175.0,12.8,29.0,5216
1995-10-13,174.0,174.0,174.0,12.7,29.0,5216
1995-10-14,174.0,174.0,174.0,11.9,29.0,5216
1995-10-15,175.0,174.0,175.0,11.5,29.0,5216
1995-10-16,178.0,177.0,178.0,11.1,29.0,5216
1995-10-17,182.0,181.0,183.0,10.5,29.0,5216
1995-10-18,191.0,188.0,193.0,10.8,29.0,5216
1995-10-19,201.0,199.0,203.0,9.9,29.0,5216
1995-10-20,214.0,211.0,216.0,9.0,29.0,5216
1995-10-21,222.0,221.0,223.0,8.0,29.0,5216
1995-10-22,234.0,231.0,236.0,7.7,29.0,5216
1995-10-23,245.0,242.0,247.0,8.2,29.0,5216
1995-10-24,249.0,248.0,250.0,9.1,29.0,5216
1995-10-25,248.0,247.0,249.0,9.3,29.0,5216
1995-10-26,245.0,245.0,245.0,8.8,29.0,5216
1995-10-27,249.0,247.0,250.0,7.7,29.0,5216
1995-10-28,254.0,253.0,255.0,7.1,29.0,5216
1995-10-29,261.0,258.0,264.0,8.3,29.0,5216
1995-10-30,274.0,271.0,277.0,8.0,29.0,5216
1995-10-31,284.0,283.0,285.0,6.9,29.0,5216
1995-11-01,281.0,279.0,284.0,4.5,29.0,5216
1995-11-02,268.0,265.0,271.0,3.1,29.0,5216
1995-11-03,254.0,251.0,257.0,2.5,29.0,5216
1995-11-04,239.0,236.0,242.0,1.5,29.0,5216
1995-11-05,227.0,225.0,229.0,1.0,2.0,5216
1995-11-06,220.0,218.0,221.0,2.7,2.0,5216
1995-11-07,213.0,211.0,214.0,2.3,29.0,5216
1995-11-08,212.0,208.0,216.0,0.2,2.0,5216
1995-11-09,226.0,221.0,231.0,0.1,15.0,5216
1995-11-10,202.0,201.0,203.0,0.2,15.0,5216
1995-11-11,197.0,197.0,197.0,0.1,15.0,5216
1995-11-12,194.0,193.0,195.0,0.2,15.0,5216
1995-11-13,191.0,191.0,191.0,1.3,,5216
1995-11-14,191.0,190.0,192.0,1.3,,5216
1995-11-15,198.0,197.0,199.0,0.1,15.0,5216
1995-11-16,192.0,191.0,192.0,0.5,15.0,5216
1995-11-17,190.0,189.0,190.0,0.4,15.0,5216
1995-11-18,185.0,183.0,187.0,0.2,15.0,5216
1995-11-19,181.0,181.0,181.0,0.2,16.15,5216
1995-11-20,180.0,177.0,183.0,0.0,15.0,5216
1995-11-21,190.0,185.0,194.0,0.0,15.0,5216
1995-11-22,181.0,181.0,181.0,0.5,16.15,5216
1995-11-23,185.0,185.0,185.0,0.0,15.0,5216
1995-11-24,185.0,183.0,186.0,0.0,16.0,5216
1995-11-25,179.0,178.0,180.0,0.0,16.0,5216
1995-11-26,175.0,174.0,176.0,0.0,16.0,5216
1995-11-27,173.0,172.0,174.0,0.0,16.0,5216
1995-11-28,174.0,173.0,174.0,0.0,16.0,5216
1995-11-29,173.0,173.0,173.0,0.0,16.0,5216
1995-11-30,172.0,172.0,172.0,0.0,16.0,5216
1995-12-01,172.0,172.0,,,16.0,5216
1995-12-02,171.0,171.0,,,16.0,5216
1995-12-03,171.0,171.0,,,16.0,5216
1995-12-04,171.0,171.0,,,16.0,5216
1995-12-05,171.0,171.0,,,16.0,5216
1995-12-06,172.0,172.0,,,16.0,5216
1995-12-07,172.0,172.0,,,16.0,5216
1995-12-08,173.0,173.0,,,16.0,5216
1995-12-09,174.0,174.0,,,16.0,5216
1995-12-10,174.0,174.0,,,16.0,5216
1995-12-11,174.0,174.0,,,16.0,5216
1995-12-12,173.0,173.0,,,16.0,5216
1995-12-13,173.0,173.0,,,16.0,5216
1995-12-14,174.0,174.0,,,16.0,5216
1995-12-15,174.0,174.0,,,16.0,5216
1995-12-16,176.0,176.0,,,16.0,5216
1995-12-17,177.0,177.0,,,16.0,5216
1995-12-18,178.0,178.0,,,16.0,5216
1995-12-19,178.0,178.0,,,16.0,5216
1995-12-20,177.0,177.0,,,16.0,5216
1995-12-21,176.0,176.0,,,16.0,5216
1995-12-22,175.0,175.0,,,16.0,5216
1995-12-23,174.0,174.0,,,16.0,5216
1995-12-24,174.0,174.0,,,16.0,5216
1995-12-25,173.0,173.0,,,16.0,5216
1995-12-26,170.0,170.0,,,16.0,5216
1995-12-27,169.0,169.0,,,16.0,5216
1995-12-28,169.0,169.0,,,16.0,5216
1995-12-29,168.0,168.0,,,16.0,5216
1995-12-30,167.0,167.0,,,16.0,5216
1995-12-31,167.0,167.0,,,16.0,5216
1996-01-01,166.0,166.0,,,16.0,5216
1996-01-02,165.0,165.0,,,16.0,5216
1996-01-03,165.0,165.0,,,16.0,5216
1996-01-04,164.0,164.0,,,16.0,5216
1996-01-05,163.0,163.0,,,16.0,5216
1996-01-06,162.0,162.0,,,16.0,5216
1996-01-07,162.0,162.0,,,16.0,5216
1996-01-08,162.0,162.0,,,16.0,5216
1996-01-09,161.0,161.0,,,16.0,5216
1996-01-10,161.0,161.0,,,16.33,5216
1996-01-11,160.0,160.0,,,16.33,5216
1996-01-12,160.0,160.0,,,16.33,5216
1996-01-13,160.0,160.0,,,16.33,5216
1996-01-14,160.0,160.0,,,16.33,5216
1996-01-15,160.0,160.0,,,16.33,5216
1996-01-16,160.0,160.0,,,16.33,5216
1996-01-17,160.0,160.0,,,16.33,5216
1996-01-18,160.0,160.0,,,16.33,5216
1996-01-19,159.0,159.0,,,16.33,5216
1996-01-20,159.0,159.0,,,16.33,5216
1996-01-21,159.0,159.0,,,16.33,5216
1996-01-22,158.0,158.0,,,16.33,5216
1996-01-23,158.0,158.0,,,16.33,5216
1996-01-24,158.0,158.0,,,16.33,5216
1996-01-25,157.0,157.0,,,16.33,5216
1996-01-26,157.0,157.0,,,16.33,5216
1996-01-27,157.0,157.0,,,16.33,5216
1996-01-28,157.0,157.0,,,16.33,5216
1996-01-29,157.0,157.0,,,16.33,5216
1996-01-30,156.0,156.0,,,16.33,5216
1996-01-31,156.0,156.0,,,16.33,5216
1996-02-01,156.0,156.0,,,16.33,5216
1996-02-02,155.0,155.0,,,16.33,5216
1996-02-03,155.0,155.0,,,16.33,5216
1996-02-04,154.0,154.0,,,16.33,5216
1996-02-05,153.0,153.0,,,16.33,5216
1996-02-06,152.0,152.0,,,16.33,5216
1996-02-07,151.0,151.0,,,16.33,5216
1996-02-08,150.0,150.0,,,16.33,5216
1996-02-09,149.0,149.0,,,16.33,5216
1996-02-10,148.0,148.0,,,16.33,5216
1996-02-11,147.0,147.0,,,16.33,5216
1996-02-12,146.0,146.0,,,16.33,5216
1996-02-13,147.0,147.0,,,16.33,5216
1996-02-14,147.0,147.0,,,16.33,5216
1996-02-15,146.0,146.0,,,16.33,5216
1996-02-16,146.0,146.0,,,16.33,5216
1996-02-17,145.0,145.0,,,16.33,5216
1996-02-18,144.0,144.0,,,16.33,5216
1996-02-19,143.0,143.0,,,16.33,5216
1996-02-20,142.0,142.0,,,16.33,5216
1996-02-21,141.0,141.0,,,16.33,5216
1996-02-22,141.0,141.0,,,16.33,5216
1996-02-23,142.0,142.0,,,16.33,5216
1996-02-24,143.0,143.0,,,16.33,5216
1996-02-25,143.0,143.0,,,16.33,5216
1996-02-26,144.0,144.0,,,16.33,5216
1996-02-27,145.0,145.0,,,16.33,5216
1996-02-28,145.0,145.0,,,16.33,5216
1996-02-29,145.0,145.0,,,16.33,5216
1996-03-01,145.0,145.0,145.0,,16.33,5216
1996-03-02,145.0,145.0,145.0,,16.33,5216
1996-03-03,144.0,144.0,144.0,,16.33,5216
1996-03-04,143.0,143.0,143.0,,16.33,5216
1996-03-05,143.0,143.0,143.0,,16.33,5216
1996-03-06,144.0,143.0,145.0,,16.33,5216
1996-03-07,146.0,145.0,147.0,,16.33,5216
1996-03-08,149.0,149.0,149.0,,16.33,5216
1996-03-09,149.0,149.0,149.0,,16.33,5216
1996-03-10,149.0,149.0,149.0,,16.33,5216
1996-03-11,150.0,149.0,151.0,0.0,16.33,5216
1996-03-12,152.0,151.0,153.0,0.0,16.33,5216
1996-03-13,159.0,154.0,164.0,0.0,16.33,5216
1996-03-14,166.0,165.0,167.0,0.0,16.33,5216
1996-03-15,166.0,166.0,166.0,0.0,16.0,5216
1996-03-16,166.0,163.0,168.0,0.3,24.16,5216
1996-03-17,201.0,198.0,203.0,0.7,24.0,5216
1996-03-18,215.0,215.0,215.0,0.3,24.16,5216
1996-03-19,217.0,215.0,218.0,0.2,24.16,5216
1996-03-20,220.0,219.0,221.0,0.0,16.0,5216
1996-03-21,228.0,225.0,231.0,0.0,16.0,5216
1996-03-22,241.0,238.0,244.0,0.0,16.0,5216
1996-03-23,243.0,242.0,244.0,0.0,16.0,5216
1996-03-24,237.0,235.0,239.0,0.0,16.0,5216
1996-03-25,224.0,221.0,227.0,0.0,16.0,5216
1996-03-26,212.0,209.0,215.0,0.0,16.0,5216
1996-03-27,210.0,207.0,212.0,0.2,15.16,5216
1996-03-28,214.0,212.0,215.0,0.3,15.16,5216
1996-03-29,204.0,200.0,207.0,0.4,15.16,5216
1996-03-30,192.0,191.0,192.0,0.6,15.16,5216
1996-03-31,194.0,194.0,194.0,0.3,15.16,5216
1996-04-01,212.0,212.0,212.0,0.1,15.16,5216
1996-04-02,211.0,207.0,214.0,0.0,15.16,5216
1996-04-03,220.0,214.0,226.0,0.0,15.16,5216
1996-04-04,228.0,219.0,236.0,1.0,15.16,5216
1996-04-05,222.0,221.0,223.0,1.7,15.16,5216
1996-04-06,216.0,214.0,217.0,1.6,15.16,5216
1996-04-07,211.0,209.0,212.0,2.2,15.16,5216
1996-04-08,204.0,203.0,205.0,2.5,,5216
1996-04-09,201.0,201.0,201.0,2.6,29.0,5216
1996-04-10,201.0,201.0,201.0,2.3,29.0,5216
1996-04-11,201.0,200.0,202.0,2.2,29.0,5216
1996-04-12,197.0,196.0,198.0,2.4,29.0,5216
1996-04-13,195.0,194.0,195.0,3.2,29.0,5216
1996-04-14,193.0,193.0,193.0,4.8,29.0,5216
1996-04-15,194.0,193.0,194.0,6.9,29.0,5216
1996-04-16,195.0,194.0,195.0,7.4,29.0,5216
1996-04-17,195.0,195.0,195.0,7.5,29.0,5216
1996-04-18,196.0,195.0,197.0,5.8,29.0,5216
1996-04-19,204.0,202.0,205.0,4.9,29.0,5216
1996-04-20,204.0,204.0,204.0,5.8,29.0,5216
1996-04-21,206.0,205.0,207.0,5.9,29.0,5216
1996-04-22,211.0,209.0,212.0,7.2,29.0,5216
1996-04-23,217.0,215.0,219.0,8.4,29.0,5216
1996-04-24,224.0,223.0,225.0,9.5,29.0,5216
1996-04-25,226.0,225.0,226.0,10.3,29.0,5216
1996-04-26,221.0,220.0,222.0,10.7,29.0,5216
1996-04-27,214.0,213.0,215.0,11.2,29.0,5216
1996-04-28,209.0,208.0,210.0,11.0,29.0,5216
1996-04-29,205.0,204.0,205.0,11.8,29.0,5216
1996-04-30,201.0,200.0,201.0,13.1,29.0,5216
1996-05-01,197.0,196.0,197.0,12.6,29.0,5216
1996-05-02,196.0,195.0,196.0,11.9,29.0,5216
1996-05-03,200.0,199.0,200.0,11.3,29.0,5216
1996-05-04,206.0,202.0,209.0,11.6,29.0,5216
1996-05-05,221.0,217.0,225.0,10.8,29.0,5216
1996-05-06,232.0,229.0,234.0,11.9,29.0,5216
1996-05-07,242.0,239.0,245.0,12.7,29.0,5216
1996-05-08,253.0,251.0,255.0,12.5,29.0,5216
1996-05-09,257.0,257.0,257.0,11.5,29.0,5216
1996-05-10,254.0,253.0,255.0,10.5,29.0,5216
1996-05-11,253.0,252.0,253.0,10.9,29.0,5216
1996-05-12,255.0,255.0,255.0,12.1,29.0,5216
1996-05-13,255.0,255.0,255.0,13.9,29.0,5216
1996-05-14,257.0,256.0,258.0,13.9,29.0,5216
1996-05-15,260.0,259.0,260.0,14.1,29.0,5216
1996-05-16,258.0,257.0,259.0,13.9,29.0,5216
1996-05-17,253.0,251.0,255.0,13.2,29.0,5216
1996-05-18,245.0,242.0,247.0,12.2,29.0,5216
1996-05-19,235.0,233.0,237.0,12.4,29.0,5216
1996-05-20,227.0,225.0,229.0,12.0,29.0,5216
1996-05-21,219.0,217.0,221.0,13.1,29.0,5216
1996-05-22,213.0,212.0,214.0,13.1,29.0,5216
1996-05-23,210.0,209.0,211.0,13.7,29.0,5216
1996-05-24,208.0,207.0,208.0,14.5,29.0,5216
1996-05-25,209.0,208.0,210.0,15.4,29.0,5216
1996-05-26,215.0,212.0,217.0,14.7,29.0,5216
1996-05-27,227.0,223.0,231.0,17.0,29.0,5216
1996-05-28,242.0,239.0,245.0,18.2,29.0,5216
1996-05-29,249.0,248.0,249.0,19.2,29.0,5216
1996-05-30,243.0,240.0,246.0,19.3,29.0,5216
1996-05-31,230.0,227.0,233.0,18.1,29.0,5216
1996-06-01,218.0,215.0,221.0,17.0,29.0,5216
1996-06-02,209.0,207.0,211.0,16.6,29.0,5216
1996-06-03,203.0,201.0,205.0,17.8,29.0,5216
1996-06-04,196.0,195.0,197.0,16.8,29.0,5216
1996-06-05,191.0,189.0,193.0,17.2,29.0,5216
1996-06-06,186.0,185.0,187.0,16.9,29.0,5216
1996-06-07,184.0,183.0,184.0,18.0,29.0,5216
1996-06-08,181.0,181.0,181.0,18.1,29.0,5216
1996-06-09,177.0,176.0,177.0,19.9,29.0,5216
1996-06-10,177.0,177.0,177.0,19.3,29.0,5216
1996-06-11,176.0,175.0,176.0,18.8,29.0,5216
1996-06-12,175.0,174.0,176.0,17.0,29.0,5216
1996-06-13,177.0,176.0,177.0,15.9,29.0,5216
1996-06-14,177.0,176.0,178.0,16.3,29.0,5216
1996-06-15,179.0,178.0,179.0,16.1,29.0,5216
1996-06-16,179.0,179.0,179.0,16.4,29.0,5216
1996-06-17,181.0,181.0,181.0,16.9,29.0,5216
1996-06-18,182.0,181.0,182.0,19.4,29.0,5216
1996-06-19,182.0,182.0,182.0,19.9,29.0,5216
1996-06-20,182.0,182.0,182.0,20.9,29.0,5216
1996-06-21,182.0,182.0,182.0,21.5,29.0,5216
1996-06-22,183.0,183.0,183.0,20.2,29.0,5216
1996-06-23,182.0,182.0,182.0,18.8,29.0,5216
1996-06-24,181.0,181.0,181.0,17.9,29.0,5216
1996-06-25,177.0,176.0,177.0,18.7,29.0,5216
1996-06-26,177.0,176.0,177.0,19.3,29.0,5216
1996-06-27,175.0,174.0,175.0,19.7,29.0,5216
1996-06-28,173.0,172.0,173.0,20.2,29.0,5216
1996-06-29,172.0,172.0,172.0,20.9,29.0,5216
1996-06-30,175.0,174.0,176.0,19.2,29.0,5216
1996-07-01,178.0,177.0,178.0,17.5,29.0,5216
1996-07-02,180.0,179.0,180.0,18.3,29.0,5216
1996-07-03,183.0,182.0,184.0,19.9,29.0,5216
1996-07-04,186.0,185.0,186.0,21.4,29.0,5216
1996-07-05,188.0,187.0,188.0,21.0,29.0,5216
1996-07-06,188.0,188.0,188.0,20.3,29.0,5216
1996-07-07,191.0,190.0,191.0,20.9,29.0,5216
1996-07-08,193.0,192.0,193.0,21.7,29.0,5216
1996-07-09,192.0,191.0,193.0,22.2,29.0,5216
1996-07-10,188.0,187.0,189.0,22.6,29.0,5216
1996-07-11,182.0,181.0,183.0,23.8,29.0,5216
1996-07-12,178.0,177.0,179.0,24.3,29.0,5216
1996-07-13,175.0,174.0,175.0,24.4,29.0,5216
1996-07-14,173.0,172.0,173.0,24.5,29.0,5216
1996-07-15,171.0,170.0,171.0,23.9,29.0,5216
1996-07-16,169.0,169.0,169.0,23.6,29.0,5216
1996-07-17,169.0,169.0,169.0,24.7,29.0,5216
1996-07-18,168.0,168.0,168.0,25.3,29.0,5216
1996-07-19,168.0,168.0,168.0,23.4,29.0,5216
1996-07-20,170.0,168.0,171.0,21.2,29.0,5216
1996-07-21,171.0,171.0,171.0,21.8,29.0,5216
1996-07-22,172.0,171.0,172.0,20.7,29.0,5216
1996-07-23,182.0,178.0,185.0,20.9,29.0,5216
1996-07-24,192.0,189.0,198.0,20.7,29.0,5216
1996-07-25,208.0,201.0,219.0,20.7,29.0,5216
1996-07-26,229.0,225.0,233.0,21.3,29.0,5216
1996-07-27,244.0,241.0,247.0,21.4,29.0,5216
1996-07-28,253.0,251.0,255.0,21.6,29.0,5216
1996-07-29,261.0,259.0,262.0,21.7,29.0,5216
1996-07-30,269.0,267.0,271.0,21.4,29.0,5216
1996-07-31,275.0,275.0,275.0,21.8,29.0,5216
1996-08-01,273.0,271.0,274.0,22.0,29.0,5216
1996-08-02,264.0,261.0,266.0,20.7,29.0,5216
1996-08-03,252.0,249.0,255.0,20.4,29.0,5216
1996-08-04,240.0,237.0,243.0,21.3,29.0,5216
1996-08-05,228.0,225.0,231.0,22.0,29.0,5216
1996-08-06,219.0,217.0,221.0,22.9,29.0,5216
1996-08-07,216.0,215.0,216.0,21.0,29.0,5216
1996-08-08,219.0,218.0,220.0,20.6,29.0,5216
1996-08-09,225.0,223.0,227.0,21.1,29.0,5216
1996-08-10,235.0,233.0,237.0,20.9,29.0,5216
1996-08-11,240.0,239.0,241.0,20.6,29.0,5216
1996-08-12,243.0,242.0,243.0,20.1,29.0,5216
1996-08-13,249.0,247.0,251.0,20.8,29.0,5216
1996-08-14,264.0,259.0,269.0,21.5,29.0,5216
1996-08-15,282.0,278.0,286.0,22.0,29.0,5216
1996-08-16,299.0,295.0,302.0,22.3,29.0,5216
1996-08-17,308.0,307.0,309.0,22.8,29.0,5216
1996-08-18,310.0,310.0,310.0,23.9,29.0,5216
1996-08-19,308.0,307.0,309.0,23.6,29.0,5216
1996-08-20,303.0,300.0,305.0,22.6,29.0,5216
1996-08-21,291.0,287.0,295.0,22.4,29.0,5216
1996-08-22,273.0,267.0,278.0,20.2,29.0,5216
1996-08-23,255.0,250.0,259.0,20.4,29.0,5216
1996-08-24,237.0,233.0,241.0,19.6,29.0,5216
1996-08-25,221.0,217.0,225.0,19.8,29.0,5216
1996-08-26,207.0,204.0,210.0,20.6,29.0,5216
1996-08-27,199.0,197.0,201.0,20.7,29.0,5216
1996-08-28,193.0,191.0,194.0,21.0,29.0,5216
1996-08-29,188.0,187.0,189.0,20.7,29.0,5216
1996-08-30,186.0,185.0,186.0,20.6,29.0,5216
1996-08-31,184.0,184.0,184.0,20.6,29.0,5216
1996-09-01,182.0,181.0,183.0,21.3,29.0,5216
1996-09-02,180.0,180.0,180.0,21.2,29.0,5216
1996-09-03,181.0,180.0,181.0,20.0,29.0,5216
1996-09-04,180.0,180.0,180.0,18.8,29.0,5216
1996-09-05,179.0,179.0,179.0,18.6,29.0,5216
1996-09-06,178.0,178.0,178.0,19.1,29.0,5216
1996-09-07,182.0,181.0,183.0,18.9,29.0,5216
1996-09-08,186.0,186.0,186.0,18.2,29.0,5216
1996-09-09,184.0,183.0,184.0,19.1,29.0,5216
1996-09-10,183.0,182.0,183.0,18.5,29.0,5216
1996-09-11,182.0,182.0,182.0,19.0,29.0,5216
1996-09-12,181.0,181.0,181.0,19.5,29.0,5216
1996-09-13,180.0,180.0,180.0,20.5,29.0,5216
1996-09-14,181.0,180.0,182.0,18.6,29.0,5216
1996-09-15,182.0,181.0,183.0,17.8,29.0,5216
1996-09-16,184.0,183.0,184.0,18.1,29.0,5216
1996-09-17,185.0,185.0,185.0,17.8,29.0,5216
1996-09-18,185.0,185.0,185.0,17.2,29.0,5216
1996-09-19,185.0,185.0,185.0,18.1,29.0,5216
1996-09-20,187.0,186.0,187.0,16.9,29.0,5216
1996-09-21,190.0,189.0,190.0,15.7,29.0,5216
1996-09-22,192.0,191.0,192.0,15.0,29.0,5216
1996-09-23,193.0,193.0,193.0,15.1,29.0,5216
1996-09-24,194.0,193.0,194.0,16.6,29.0,5216
1996-09-25,196.0,196.0,196.0,16.1,29.0,5216
1996-09-26,197.0,196.0,197.0,15.2,29.0,5216
1996-09-27,196.0,195.0,196.0,12.5,29.0,5216
1996-09-28,193.0,192.0,194.0,12.7,29.0,5216
1996-09-29,190.0,189.0,191.0,13.8,29.0,5216
1996-09-30,186.0,185.0,187.0,14.7,29.0,5216
1996-10-01,182.0,181.0,184.0,12.2,29.0,5216
1996-10-02,180.0,179.0,180.0,10.5,29.0,5216
1996-10-03,178.0,178.0,178.0,11.1,29.0,5216
1996-10-04,177.0,176.0,177.0,10.8,29.0,5216
1996-10-05,176.0,176.0,176.0,10.1,29.0,5216
1996-10-06,176.0,176.0,176.0,11.6,29.0,5216
1996-10-07,175.0,175.0,175.0,10.0,29.0,5216
1996-10-08,175.0,174.0,175.0,7.8,29.0,5216
1996-10-09,174.0,174.0,174.0,8.1,29.0,5216
1996-10-10,174.0,174.0,174.0,8.3,29.0,5216
1996-10-11,173.0,173.0,173.0,9.5,29.0,5216
1996-10-12,173.0,173.0,173.0,11.6,29.0,5216
1996-10-13,173.0,173.0,173.0,13.0,29.0,5216
1996-10-14,172.0,172.0,172.0,11.5,29.0,5216
1996-10-15,173.0,172.0,173.0,8.0,29.0,5216
1996-10-16,173.0,173.0,173.0,6.2,29.0,5216
1996-10-17,173.0,173.0,173.0,5.6,29.0,5216
1996-10-18,173.0,173.0,173.0,6.5,29.0,5216
1996-10-19,173.0,173.0,173.0,5.9,29.0,5216
1996-10-20,173.0,173.0,173.0,5.3,29.0,5216
1996-10-21,173.0,173.0,173.0,4.9,29.0,5216
1996-10-22,173.0,173.0,173.0,5.2,29.0,5216
1996-10-23,173.0,173.0,173.0,8.4,29.0,5216
1996-10-24,174.0,173.0,174.0,10.2,29.0,5216
1996-10-25,175.0,174.0,175.0,7.4,29.0,5216
1996-10-26,175.0,175.0,175.0,4.9,29.0,5216
1996-10-27,175.0,175.0,175.0,2.2,2.0,5216
1996-10-28,176.0,175.0,176.0,5.1,29.0,5216
1996-10-29,174.0,174.0,174.0,5.6,29.0,5216
1996-10-30,174.0,174.0,174.0,3.4,29.0,5216
1996-10-31,174.0,174.0,174.0,0.8,2.0,5216
1996-11-01,174.0,173.0,174.0,0.7,2.0,5216
1996-11-02,174.0,174.0,174.0,0.5,2.0,5216
1996-11-03,174.0,174.0,174.0,0.7,2.0,5216
1996-11-04,172.0,172.0,172.0,1.2,2.0,5216
1996-11-05,172.0,172.0,172.0,4.5,29.0,5216
1996-11-06,172.0,172.0,172.0,1.8,2.0,5216
1996-11-07,174.0,172.0,175.0,0.9,15.0,5216
1996-11-08,176.0,174.0,177.0,0.9,15.3,5216
1996-11-09,175.0,174.0,175.0,0.8,15.0,5216
1996-11-10,173.0,173.0,173.0,0.6,15.0,5216
1996-11-11,173.0,172.0,173.0,0.0,16.0,5216
1996-11-12,172.0,172.0,172.0,0.0,16.0,5216
1996-11-13,172.0,172.0,172.0,0.0,16.0,5216
1996-11-14,172.0,172.0,172.0,0.0,16.0,5216
1996-11-15,171.0,170.0,171.0,0.0,16.0,5216
1996-11-16,169.0,169.0,169.0,0.0,16.0,5216
1996-11-17,169.0,169.0,169.0,0.0,16.0,5216
1996-11-18,168.0,168.0,168.0,0.0,16.0,5216
1996-11-19,167.0,167.0,167.0,0.0,16.0,5216
1996-11-20,166.0,166.0,166.0,0.0,16.0,5216
1996-11-21,168.0,168.0,168.0,0.0,16.0,5216
1996-11-22,169.0,169.0,169.0,0.0,16.0,5216
1996-11-23,170.0,170.0,170.0,0.0,16.0,5216
1996-11-24,170.0,170.0,170.0,0.0,16.0,5216
1996-11-25,170.0,170.0,170.0,0.0,16.0,5216
1996-11-26,170.0,170.0,170.0,0.0,16.0,5216
1996-11-27,170.0,170.0,170.0,0.0,16.0,5216
1996-11-28,171.0,171.0,171.0,0.0,16.0,5216
1996-11-29,171.0,171.0,171.0,0.0,16.0,5216
1996-11-30,171.0,171.0,171.0,0.0,16.0,5216
1996-12-01,171.0,171.0,,,16.0,5216
1996-12-02,170.0,170.0,,,16.0,5216
1996-12-03,170.0,170.0,,,16.0,5216
1996-12-04,170.0,170.0,,,16.0,5216
1996-12-05,170.0,170.0,,,16.0,5216
1996-12-06,170.0,170.0,,,16.0,5216
1996-12-07,169.0,169.0,,,16.0,5216
1996-12-08,169.0,169.0,,,16.0,5216
1996-12-09,169.0,169.0,,,16.0,5216
1996-12-10,168.0,168.0,,,16.0,5216
1996-12-11,168.0,168.0,,,16.0,5216
1996-12-12,168.0,168.0,,,16.0,5216
1996-12-13,167.0,167.0,,,16.0,5216
1996-12-14,167.0,167.0,,,16.0,5216
1996-12-15,166.0,166.0,,,16.0,5216
1996-12-16,165.0,165.0,,,16.0,5216
1996-12-17,164.0,164.0,,,16.0,5216
1996-12-18,163.0,163.0,,,16.0,5216
1996-12-19,162.0,162.0,,,16.0,5216
1996-12-20,161.0,161.0,,,16.0,5216
1996-12-21,160.0,160.0,,,16.0,5216
1996-12-22,159.0,159.0,,,16.0,5216
1996-12-23,158.0,158.0,,,16.0,5216
1996-12-24,157.0,157.0,,,16.0,5216
1996-12-25,156.0,156.0,,,16.0,5216
1996-12-26,155.0,155.0,,,16.0,5216
1996-12-27,155.0,155.0,,,16.0,5216
1996-12-28,154.0,154.0,,,16.0,5216
1996-12-29,154.0,154.0,,,16.0,5216
1996-12-30,154.0,154.0,,,16.33,5216
1996-12-31,153.0,153.0,,,16.33,5216
1997-01-01,153.0,153.0,,,16.33,5216
1997-01-02,153.0,153.0,,,16.33,5216
1997-01-03,152.0,152.0,,,16.33,5216
1997-01-04,152.0,152.0,,,16.33,5216
1997-01-05,151.0,151.0,,,16.33,5216
1997-01-06,151.0,151.0,,,16.33,5216
1997-01-07,150.0,150.0,,,16.33,5216
1997-01-08,150.0,150.0,,,16.33,5216
1997-01-09,149.0,149.0,,,16.33,5216
1997-01-10,148.0,148.0,,,16.33,5216
1997-01-11,147.0,147.0,,,16.33,5216
1997-01-12,147.0,147.0,,,16.33,5216
1997-01-13,146.0,146.0,,,16.33,5216
1997-01-14,145.0,145.0,,,16.33,5216
1997-01-15,144.0,144.0,,,16.33,5216
1997-01-16,144.0,144.0,,,16.33,5216
1997-01-17,143.0,143.0,,,16.33,5216
1997-01-18,143.0,143.0,,,16.33,5216
1997-01-19,142.0,142.0,,,16.33,5216
1997-01-20,142.0,142.0,,,16.33,5216
1997-01-21,141.0,141.0,,,16.33,5216
1997-01-22,141.0,141.0,,,16.33,5216
1997-01-23,140.0,140.0,,,16.33,5216
1997-01-24,140.0,140.0,,,16.33,5216
1997-01-25,139.0,139.0,,,16.33,5216
1997-01-26,139.0,139.0,,,16.33,5216
1997-01-27,139.0,139.0,,,16.33,5216
1997-01-28,139.0,139.0,,,16.33,5216
1997-01-29,139.0,139.0,,,16.33,5216
1997-01-30,139.0,139.0,,,16.33,5216
1997-01-31,135.0,135.0,,,16.33,5216
1997-02-01,134.0,134.0,,,16.33,5216
1997-02-02,133.0,133.0,,,16.33,5216
1997-02-03,132.0,132.0,,,16.33,5216
1997-02-04,131.0,131.0,,,16.33,5216
1997-02-05,130.0,130.0,,,16.33,5216
1997-02-06,129.0,129.0,,,16.33,5216
1997-02-07,128.0,128.0,,,16.33,5216
1997-02-08,128.0,128.0,,,16.33,5216
1997-02-09,127.0,127.0,,,16.33,5216
1997-02-10,127.0,127.0,,,16.33,5216
1997-02-11,126.0,126.0,,,16.33,5216
1997-02-12,126.0,126.0,,,16.33,5216
1997-02-13,126.0,126.0,,,16.33,5216
1997-02-14,125.0,125.0,,,16.33,5216
1997-02-15,125.0,125.0,,,16.33,5216
1997-02-16,124.0,124.0,,,16.33,5216
1997-02-17,124.0,124.0,,,16.33,5216
1997-02-18,123.0,123.0,,,16.33,5216
1997-02-19,123.0,123.0,,,16.33,5216
1997-02-20,123.0,123.0,,,16.33,5216
1997-02-21,122.0,122.0,,,16.33,5216
1997-02-22,122.0,122.0,,,16.33,5216
1997-02-23,122.0,122.0,,,16.33,5216
1997-02-24,121.0,121.0,,,16.33,5216
1997-02-25,121.0,121.0,,,16.33,5216
1997-02-26,121.0,121.0,,,16.33,5216
1997-02-27,122.0,122.0,,,16.33,5216
1997-02-28,122.0,122.0,,,16.33,5216
1997-03-01,122.0,122.0,122.0,0.0,16.33,5216
1997-03-02,121.0,121.0,121.0,0.0,16.33,5216
1997-03-03,120.0,120.0,120.0,0.0,16.33,5216
1997-03-04,119.0,119.0,119.0,0.0,16.33,5216
1997-03-05,119.0,119.0,119.0,0.0,16.33,5216
1997-03-06,120.0,120.0,120.0,0.0,16.33,5216
1997-03-07,122.0,122.0,122.0,0.0,16.33,5216
1997-03-08,123.0,123.0,123.0,0.1,16.33,5216
1997-03-09,125.0,125.0,125.0,0.1,16.33,5216
1997-03-10,125.0,125.0,125.0,0.1,16.33,5216
1997-03-11,126.0,125.0,126.0,0.1,16.33,5216
1997-03-12,128.0,127.0,128.0,0.1,16.33,5216
1997-03-13,130.0,129.0,130.0,0.1,16.33,5216
1997-03-14,132.0,131.0,133.0,0.1,16.33,5216
1997-03-15,138.0,137.0,139.0,0.2,16.33,5216
1997-03-16,141.0,140.0,141.0,0.2,16.33,5216
1997-03-17,143.0,142.0,144.0,0.2,16.33,5216
1997-03-18,165.0,146.0,183.0,0.3,16.0,5216
1997-03-19,195.0,191.0,199.0,1.0,24.0,5216
1997-03-20,204.0,199.0,208.0,0.3,24.0,5216
1997-03-21,219.0,215.0,223.0,0.3,24.0,5216
1997-03-22,238.0,232.0,243.0,0.3,24.0,5216
1997-03-23,261.0,254.0,267.0,0.2,16.0,5216
1997-03-24,280.0,276.0,283.0,0.7,16.0,5216
1997-03-25,300.0,291.0,309.0,0.7,16.0,5216
1997-03-26,311.0,311.0,311.0,1.2,16.0,5216
1997-03-27,310.0,308.0,311.0,2.4,16.0,5216
1997-03-28,297.0,291.0,302.0,1.3,29.16,5216
1997-03-29,279.0,272.0,285.0,1.1,29.0,5216
1997-03-30,269.0,267.0,271.0,1.1,29.0,5216
1997-03-31,273.0,269.0,276.0,0.6,29.0,5216
1997-04-01,257.0,253.0,261.0,1.8,29.0,5216
1997-04-02,258.0,257.0,258.0,2.3,29.0,5216
1997-04-03,263.0,261.0,265.0,3.3,29.0,5216
1997-04-04,267.0,267.0,267.0,4.1,29.0,5216
1997-04-05,261.0,258.0,264.0,6.2,29.0,5216
1997-04-06,248.0,244.0,251.0,6.2,29.0,5216
1997-04-07,234.0,231.0,237.0,7.3,29.0,5216
1997-04-08,222.0,219.0,224.0,7.4,29.0,5216
1997-04-09,215.0,214.0,216.0,6.8,29.0,5216
1997-04-10,212.0,211.0,212.0,5.9,29.0,5216
1997-04-11,210.0,210.0,210.0,6.1,29.0,5216
1997-04-12,209.0,208.0,209.0,5.6,29.0,5216
1997-04-13,207.0,206.0,207.0,6.2,29.0,5216
1997-04-14,203.0,202.0,204.0,7.8,29.0,5216
1997-04-15,200.0,199.0,201.0,8.1,29.0,5216
1997-04-16,195.0,194.0,196.0,8.3,29.0,5216
1997-04-17,192.0,191.0,193.0,8.9,29.0,5216
1997-04-18,189.0,188.0,190.0,9.9,29.0,5216
1997-04-19,187.0,186.0,187.0,10.8,29.0,5216
1997-04-20,185.0,184.0,185.0,9.9,29.0,5216
1997-04-21,183.0,183.0,183.0,9.0,29.0,5216
1997-04-22,183.0,183.0,183.0,10.5,29.0,5216
1997-04-23,183.0,183.0,183.0,11.6,29.0,5216
1997-04-24,182.0,182.0,182.0,12.3,29.0,5216
1997-04-25,182.0,182.0,182.0,12.8,29.0,5216
1997-04-26,182.0,182.0,182.0,13.1,29.0,5216
1997-04-27,182.0,182.0,182.0,13.2,29.0,5216
1997-04-28,181.0,181.0,181.0,14.0,29.0,5216
1997-04-29,182.0,182.0,182.0,13.4,29.0,5216
1997-04-30,182.0,182.0,182.0,13.3,29.0,5216
1997-05-01,182.0,182.0,182.0,13.2,29.0,5216
1997-05-02,182.0,182.0,182.0,13.5,29.0,5216
1997-05-03,183.0,183.0,183.0,13.4,29.0,5216
1997-05-04,182.0,182.0,182.0,12.8,29.0,5216
1997-05-05,183.0,182.0,183.0,10.9,29.0,5216
1997-05-06,181.0,181.0,181.0,11.7,29.0,5216
1997-05-07,180.0,180.0,180.0,10.6,29.0,5216
1997-05-08,181.0,180.0,181.0,11.3,29.0,5216
1997-05-09,180.0,180.0,180.0,12.2,29.0,5216
1997-05-10,180.0,179.0,180.0,13.0,29.0,5216
1997-05-11,180.0,180.0,180.0,14.6,29.0,5216
1997-05-12,180.0,180.0,180.0,14.9,29.0,5216
1997-05-13,179.0,179.0,179.0,15.6,29.0,5216
1997-05-14,180.0,179.0,180.0,15.1,29.0,5216
1997-05-15,184.0,183.0,184.0,14.7,29.0,5216
1997-05-16,186.0,185.0,186.0,12.5,29.0,5216
1997-05-17,189.0,188.0,190.0,12.1,29.0,5216
1997-05-18,192.0,191.0,193.0,12.2,29.0,5216
1997-05-19,197.0,195.0,198.0,12.7,29.0,5216
1997-05-20,206.0,202.0,210.0,12.4,29.0,5216
1997-05-21,225.0,221.0,229.0,14.3,29.0,5216
1997-05-22,239.0,236.0,241.0,12.7,29.0,5216
1997-05-23,249.0,247.0,251.0,12.9,29.0,5216
1997-05-24,253.0,252.0,253.0,13.6,29.0,5216
1997-05-25,253.0,252.0,253.0,14.0,29.0,5216
1997-05-26,250.0,249.0,251.0,15.5,29.0,5216
1997-05-27,245.0,243.0,247.0,17.3,29.0,5216
1997-05-28,236.0,233.0,238.0,18.5,29.0,5216
1997-05-29,225.0,222.0,227.0,17.0,29.0,5216
1997-05-30,217.0,215.0,219.0,16.4,29.0,5216
1997-05-31,215.0,214.0,215.0,15.1,29.0,5216
1997-06-01,216.0,215.0,216.0,15.1,29.0,5216
1997-06-02,218.0,216.0,220.0,15.8,29.0,5216
1997-06-03,227.0,224.0,229.0,14.4,29.0,5216
1997-06-04,236.0,233.0,239.0,14.1,29.0,5216
1997-06-05,250.0,246.0,253.0,15.0,29.0,5216
1997-06-06,265.0,261.0,269.0,15.8,29.0,5216
1997-06-07,279.0,276.0,281.0,16.1,29.0,5216
1997-06-08,288.0,286.0,290.0,15.2,29.0,5216
1997-06-09,296.0,294.0,297.0,14.4,29.0,5216
1997-06-10,300.0,299.0,300.0,15.5,29.0,5216
1997-06-11,303.0,302.0,303.0,15.2,29.0,5216
1997-06-12,306.0,305.0,307.0,17.0,29.0,5216
1997-06-13,311.0,309.0,312.0,17.2,29.0,5216
1997-06-14,317.0,316.0,318.0,18.4,29.0,5216
1997-06-15,318.0,317.0,319.0,19.1,29.0,5216
1997-06-16,312.0,309.0,314.0,17.4,29.0,5216
1997-06-17,302.0,299.0,305.0,18.5,29.0,5216
1997-06-18,288.0,284.0,292.0,19.1,29.0,5216
1997-06-19,273.0,269.0,277.0,20.5,29.0,5216
1997-06-20,257.0,253.0,261.0,22.2,29.0,5216
1997-06-21,243.0,239.0,246.0,22.8,29.0,5216
1997-06-22,229.0,225.0,232.0,22.5,29.0,5216
1997-06-23,218.0,216.0,220.0,23.1,29.0,5216
1997-06-24,210.0,208.0,211.0,22.8,29.0,5216
1997-06-25,204.0,203.0,205.0,22.7,29.0,5216
1997-06-26,201.0,200.0,201.0,24.0,29.0,5216
1997-06-27,198.0,197.0,198.0,24.4,29.0,5216
1997-06-28,197.0,197.0,197.0,24.1,29.0,5216
1997-06-29,196.0,196.0,196.0,24.0,29.0,5216
1997-06-30,196.0,196.0,196.0,23.1,29.0,5216
1997-07-01,196.0,195.0,196.0,21.9,29.0,5216
1997-07-02,193.0,192.0,194.0,23.0,29.0,5216
1997-07-03,189.0,188.0,190.0,23.0,29.0,5216
1997-07-04,188.0,188.0,188.0,22.6,29.0,5216
1997-07-05,188.0,188.0,188.0,23.2,29.0,5216
1997-07-06,188.0,188.0,188.0,23.4,29.0,5216
1997-07-07,187.0,186.0,187.0,23.6,29.0,5216
1997-07-08,185.0,184.0,185.0,21.9,29.0,5216
1997-07-09,183.0,182.0,183.0,21.6,29.0,5216
1997-07-10,181.0,181.0,181.0,22.8,29.0,5216
1997-07-11,181.0,180.0,181.0,24.8,29.0,5216
1997-07-12,177.0,177.0,177.0,25.9,29.0,5216
1997-07-13,177.0,176.0,177.0,25.2,29.0,5216
1997-07-14,175.0,175.0,175.0,23.5,29.0,5216
1997-07-15,175.0,175.0,175.0,22.2,29.0,5216
1997-07-16,174.0,173.0,175.0,23.1,29.0,5216
1997-07-17,173.0,173.0,173.0,23.2,29.0,5216
1997-07-18,172.0,172.0,172.0,24.2,29.0,5216
1997-07-19,171.0,170.0,171.0,24.9,29.0,5216
1997-07-20,170.0,170.0,170.0,25.3,29.0,5216
1997-07-21,169.0,169.0,169.0,24.0,29.0,5216
1997-07-22,168.0,168.0,168.0,25.3,29.0,5216
1997-07-23,167.0,167.0,167.0,26.9,29.0,5216
1997-07-24,166.0,166.0,166.0,27.4,29.0,5216
1997-07-25,165.0,164.0,165.0,27.2,29.0,5216
1997-07-26,164.0,164.0,164.0,27.8,29.0,5216
1997-07-27,164.0,163.0,164.0,27.6,29.0,5216
1997-07-28,163.0,163.0,163.0,27.3,29.0,5216
1997-07-29,163.0,163.0,163.0,26.1,29.0,5216
1997-07-30,162.0,162.0,162.0,25.7,29.0,5216
1997-07-31,162.0,161.0,162.0,25.6,29.0,5216
1997-08-01,161.0,161.0,161.0,26.1,29.0,5216
1997-08-02,161.0,161.0,161.0,25.1,29.0,5216
1997-08-03,161.0,161.0,161.0,25.7,29.0,5216
1997-08-04,161.0,161.0,161.0,26.0,29.0,5216
1997-08-05,161.0,161.0,161.0,25.8,29.0,5216
1997-08-06,160.0,160.0,160.0,24.8,29.0,5216
1997-08-07,160.0,160.0,160.0,24.9,29.0,5216
1997-08-08,160.0,160.0,160.0,23.7,29.0,5216
1997-08-09,161.0,161.0,161.0,23.0,29.0,5216
1997-08-10,161.0,161.0,161.0,24.1,29.0,5216
1997-08-11,161.0,161.0,161.0,23.9,29.0,5216
1997-08-12,161.0,160.0,161.0,22.5,29.0,5216
1997-08-13,159.0,159.0,159.0,21.8,29.0,5216
1997-08-14,159.0,159.0,159.0,22.1,29.0,5216
1997-08-15,159.0,159.0,159.0,21.4,29.0,5216
1997-08-16,159.0,159.0,159.0,20.0,29.0,5216
1997-08-17,159.0,159.0,159.0,19.2,29.0,5216
1997-08-18,158.0,157.0,159.0,19.4,29.0,5216
1997-08-19,157.0,157.0,157.0,20.8,29.0,5216
1997-08-20,157.0,156.0,157.0,22.4,29.0,5216
1997-08-21,159.0,157.0,161.0,22.5,29.0,5216
1997-08-22,162.0,161.0,162.0,21.0,29.0,5216
1997-08-23,163.0,163.0,163.0,20.8,29.0,5216
1997-08-24,164.0,164.0,164.0,21.0,29.0,5216
1997-08-25,166.0,165.0,166.0,22.3,29.0,5216
1997-08-26,168.0,168.0,168.0,22.6,29.0,5216
1997-08-27,169.0,168.0,169.0,23.0,29.0,5216
1997-08-28,168.0,167.0,168.0,22.7,29.0,5216
1997-08-29,166.0,165.0,166.0,22.4,29.0,5216
1997-08-30,165.0,165.0,165.0,22.0,29.0,5216
1997-08-31,165.0,165.0,165.0,21.9,29.0,5216
1997-09-01,165.0,165.0,165.0,20.2,29.0,5216
1997-09-02,165.0,165.0,165.0,19.2,29.0,5216
1997-09-03,165.0,164.0,165.0,19.1,29.0,5216
1997-09-04,164.0,164.0,164.0,19.0,29.0,5216
1997-09-05,164.0,164.0,164.0,19.1,29.0,5216
1997-09-06,164.0,163.0,164.0,20.5,29.0,5216
1997-09-07,162.0,162.0,162.0,21.4,29.0,5216
1997-09-08,162.0,162.0,162.0,21.0,29.0,5216
1997-09-09,161.0,161.0,161.0,20.6,29.0,5216
1997-09-10,161.0,160.0,161.0,19.1,29.0,5216
1997-09-11,160.0,159.0,160.0,18.0,29.0,5216
1997-09-12,159.0,159.0,159.0,17.0,29.0,5216
1997-09-13,158.0,158.0,158.0,16.3,29.0,5216
1997-09-14,158.0,157.0,158.0,15.4,29.0,5216
1997-09-15,157.0,157.0,157.0,14.7,29.0,5216
1997-09-16,157.0,156.0,157.0,14.1,29.0,5216
1997-09-17,156.0,156.0,156.0,14.9,29.0,5216
1997-09-18,156.0,156.0,156.0,14.5,29.0,5216
1997-09-19,156.0,156.0,156.0,15.3,29.0,5216
1997-09-20,156.0,156.0,156.0,14.4,29.0,5216
1997-09-21,157.0,157.0,157.0,14.2,29.0,5216
1997-09-22,156.0,156.0,156.0,14.2,29.0,5216
1997-09-23,157.0,156.0,157.0,13.8,29.0,5216
1997-09-24,156.0,155.0,156.0,15.0,29.0,5216
1997-09-25,156.0,156.0,156.0,15.7,29.0,5216
1997-09-26,156.0,156.0,156.0,15.1,29.0,5216
1997-09-27,156.0,156.0,156.0,13.8,29.0,5216
1997-09-28,157.0,157.0,157.0,13.4,29.0,5216
1997-09-29,157.0,157.0,157.0,14.3,29.0,5216
1997-09-30,157.0,157.0,157.0,14.7,29.0,5216
1997-10-01,157.0,157.0,157.0,15.7,29.0,5216
1997-10-02,157.0,156.0,157.0,16.4,29.0,5216
1997-10-03,156.0,156.0,156.0,16.3,29.0,5216
1997-10-04,156.0,156.0,156.0,14.7,29.0,5216
1997-10-05,159.0,159.0,159.0,13.5,29.0,5216
1997-10-06,159.0,159.0,159.0,12.1,29.0,5216
1997-10-07,160.0,159.0,160.0,11.7,29.0,5216
1997-10-08,159.0,159.0,159.0,9.7,29.0,5216
1997-10-09,159.0,159.0,159.0,8.2,29.0,5216
1997-10-10,159.0,159.0,159.0,8.4,29.0,5216
1997-10-11,159.0,159.0,159.0,6.1,29.0,5216
1997-10-12,160.0,159.0,160.0,4.3,29.0,5216
1997-10-13,160.0,160.0,160.0,4.1,29.0,5216
1997-10-14,160.0,160.0,160.0,4.6,29.0,5216
1997-10-15,160.0,160.0,160.0,3.2,29.0,5216
1997-10-16,160.0,160.0,160.0,6.7,29.0,5216
1997-10-17,161.0,160.0,161.0,8.7,29.0,5216
1997-10-18,161.0,161.0,161.0,7.9,29.0,5216
1997-10-19,161.0,161.0,161.0,8.5,29.0,5216
1997-10-20,161.0,161.0,161.0,9.2,29.0,5216
1997-10-21,161.0,161.0,161.0,8.1,29.0,5216
1997-10-22,161.0,161.0,161.0,7.2,29.0,5216
1997-10-23,162.0,162.0,162.0,9.5,29.0,5216
1997-10-24,162.0,162.0,162.0,9.0,29.0,5216
1997-10-25,162.0,162.0,162.0,6.0,29.0,5216
1997-10-26,162.0,161.0,162.0,4.2,29.0,5216
1997-10-27,161.0,161.0,161.0,3.4,29.0,5216
1997-10-28,161.0,161.0,161.0,3.0,2.0,5216
1997-10-29,161.0,161.0,161.0,2.5,2.0,5216
1997-10-30,162.0,162.0,162.0,1.9,2.0,5216
1997-10-31,162.0,162.0,162.0,2.1,2.0,5216
1997-11-01,162.0,162.0,162.0,1.0,15.0,5216
1997-11-02,162.0,162.0,162.0,1.6,15.0,5216
1997-11-03,162.0,162.0,162.0,2.1,1.0,5216
1997-11-04,163.0,163.0,163.0,3.4,29.0,5216
1997-11-05,163.0,163.0,163.0,2.1,29.0,5216
1997-11-06,163.0,163.0,163.0,1.5,15.0,5216
1997-11-07,163.0,163.0,163.0,2.2,29.0,5216
1997-11-08,163.0,163.0,163.0,0.9,15.0,5216
1997-11-09,163.0,163.0,163.0,1.4,15.0,5216
1997-11-10,163.0,163.0,163.0,1.2,15.0,5216
1997-11-11,163.0,163.0,163.0,1.3,15.0,5216
1997-11-12,163.0,163.0,163.0,1.2,15.0,5216
1997-11-13,163.0,163.0,163.0,1.1,15.0,5216
1997-11-14,163.0,162.0,163.0,1.0,15.0,5216
1997-11-15,162.0,162.0,162.0,0.8,15.0,5216
1997-11-16,162.0,161.0,162.0,0.8,15.0,5216
1997-11-17,161.0,161.0,161.0,0.3,15.0,5216
1997-11-18,162.0,162.0,162.0,0.0,15.0,5216
1997-11-19,161.0,161.0,161.0,0.0,16.0,5216
1997-11-20,162.0,161.0,162.0,0.1,16.0,5216
1997-11-21,162.0,162.0,162.0,0.0,15.0,5216
1997-11-22,162.0,162.0,162.0,0.0,15.0,5216
1997-11-23,161.0,161.0,161.0,0.0,15.0,5216
1997-11-24,162.0,161.0,162.0,0.0,15.0,5216
1997-11-25,162.0,162.0,162.0,0.0,15.0,5216
1997-11-26,162.0,162.0,162.0,0.0,15.0,5216
1997-11-27,162.0,161.0,162.0,0.0,16.0,5216
1997-11-28,162.0,161.0,162.0,0.0,16.0,5216
1997-11-29,163.0,163.0,163.0,0.0,15.0,5216
1997-11-30,163.0,163.0,163.0,0.0,15.0,5216
1997-12-01,163.0,163.0,,,15.0,5216
1997-12-02,163.0,163.0,,,16.0,5216
1997-12-03,164.0,164.0,,,16.0,5216
1997-12-04,164.0,164.0,,,16.0,5216
1997-12-05,164.0,164.0,,,16.0,5216
1997-12-06,163.0,163.0,,,16.0,5216
1997-12-07,160.0,160.0,,,16.0,5216
1997-12-08,159.0,159.0,,,16.0,5216
1997-12-09,159.0,159.0,,,16.0,5216
1997-12-10,157.0,157.0,,,16.0,5216
1997-12-11,156.0,156.0,,,16.0,5216
1997-12-12,155.0,155.0,,,16.0,5216
1997-12-13,152.0,152.0,,,16.0,5216
1997-12-14,150.0,150.0,,,16.0,5216
1997-12-15,149.0,149.0,,,16.0,5216
1997-12-16,148.0,148.0,,,16.0,5216
1997-12-17,147.0,147.0,,,16.0,5216
1997-12-18,145.0,145.0,,,16.0,5216
1997-12-19,143.0,143.0,,,16.33,5216
1997-12-20,142.0,142.0,,,16.33,5216
1997-12-21,141.0,141.0,,,16.33,5216
1997-12-22,141.0,141.0,,,16.33,5216
1997-12-23,140.0,140.0,,,16.33,5216
1997-12-24,139.0,139.0,,,16.33,5216
1997-12-25,138.0,138.0,,,16.33,5216
1997-12-26,137.0,137.0,,,16.33,5216
1997-12-27,136.0,136.0,,,16.33,5216
1997-12-28,135.0,135.0,,,16.33,5216
1997-12-29,133.0,133.0,,,16.33,5216
1997-12-30,132.0,132.0,,,16.33,5216
1997-12-31,131.0,131.0,,,16.33,5216
1998-01-01,130.0,130.0,130.0,,16.33,5216
1998-01-02,129.0,129.0,129.0,,16.33,5216
1998-01-03,128.0,128.0,128.0,,16.33,5216
1998-01-04,127.0,127.0,127.0,,16.33,5216
1998-01-05,126.0,126.0,126.0,,16.33,5216
1998-01-06,124.0,124.0,124.0,,16.33,5216
1998-01-07,122.0,122.0,122.0,,16.33,5216
1998-01-08,120.0,120.0,120.0,,16.33,5216
1998-01-09,119.0,119.0,119.0,,16.33,5216
1998-01-10,118.0,118.0,118.0,,16.33,5216
1998-01-11,116.0,116.0,116.0,,16.33,5216
1998-01-12,113.0,113.0,113.0,,16.33,5216
1998-01-13,111.0,111.0,111.0,,16.33,5216
1998-01-14,110.0,110.0,110.0,,16.33,5216
1998-01-15,108.0,108.0,108.0,,16.33,5216
1998-01-16,107.0,107.0,107.0,,16.33,5216
1998-01-17,106.0,106.0,106.0,,16.33,5216
1998-01-18,105.0,105.0,105.0,,16.33,5216
1998-01-19,103.0,103.0,103.0,,16.33,5216
1998-01-20,102.0,102.0,102.0,,16.33,5216
1998-01-21,101.0,101.0,101.0,,16.33,5216
1998-01-22,100.0,100.0,100.0,,16.33,5216
1998-01-23,99.0,99.0,99.0,,16.33,5216
1998-01-24,98.0,98.0,98.0,,16.33,5216
1998-01-25,97.0,97.0,97.0,,16.33,5216
1998-01-26,96.0,96.0,96.0,,16.33,5216
1998-01-27,95.0,95.0,95.0,,16.33,5216
1998-01-28,94.0,94.0,94.0,,16.33,5216
1998-01-29,93.0,93.0,93.0,,16.33,5216
1998-01-30,92.0,92.0,92.0,,16.33,5216
1998-01-31,91.0,91.0,91.0,,16.33,5216
1998-02-01,90.0,90.0,90.0,,16.33,5216
1998-02-02,88.0,88.0,88.0,,16.33,5216
1998-02-03,87.0,87.0,87.0,,16.33,5216
1998-02-04,86.0,86.0,86.0,,16.33,5216
1998-02-05,85.0,85.0,85.0,,16.33,5216
1998-02-06,83.0,83.0,83.0,,16.33,5216
1998-02-07,82.0,82.0,82.0,,16.33,5216
1998-02-08,81.0,81.0,81.0,,16.33,5216
1998-02-09,80.0,80.0,80.0,,16.33,5216
1998-02-10,79.0,79.0,79.0,,16.33,5216
1998-02-11,78.0,78.0,78.0,,16.33,5216
1998-02-12,77.0,77.0,77.0,,16.33,5216
1998-02-13,76.0,76.0,76.0,,16.33,5216
1998-02-14,75.0,75.0,75.0,,16.33,5216
1998-02-15,74.0,74.0,74.0,,16.33,5216
1998-02-16,73.0,73.0,73.0,,16.33,5216
1998-02-17,73.0,73.0,73.0,,16.33,5216
1998-02-18,76.0,76.0,76.0,,16.33,5216
1998-02-19,78.0,78.0,78.0,,16.33,5216
1998-02-20,83.0,83.0,83.0,,16.33,5216
1998-02-21,84.0,84.0,84.0,,16.33,5216
1998-02-22,85.0,85.0,85.0,,16.33,5216
1998-02-23,86.0,86.0,86.0,,16.33,5216
1998-02-24,83.0,83.0,83.0,,16.33,5216
1998-02-25,80.0,80.0,80.0,,16.33,5216
1998-02-26,88.0,88.0,88.0,,16.33,5216
1998-02-27,93.0,93.0,93.0,,16.33,5216
1998-02-28,124.0,124.0,124.0,,16.33,5216
1998-03-01,125.0,124.0,126.0,0.05,16.33,5216
1998-03-02,132.0,131.0,133.0,0.15,16.33,5216
1998-03-03,139.0,138.0,140.0,0.15,16.33,5216
1998-03-04,144.0,143.0,145.0,0.2,16.33,5216
1998-03-05,150.0,149.0,151.0,0.35,16.33,5216
1998-03-06,155.0,153.0,156.0,0.1,16.33,5216
1998-03-07,166.0,166.0,166.0,0.35,,5216
1998-03-08,167.0,167.0,167.0,0.2,26.16,5216
1998-03-09,168.0,168.0,168.0,0.25,26.16,5216
1998-03-10,169.0,169.0,169.0,0.3,26.16,5216
1998-03-11,170.0,170.0,170.0,0.3,26.16,5216
1998-03-12,171.0,171.0,171.0,0.25,15.16,5216
1998-03-13,171.0,171.0,171.0,0.3,15.16,5216
1998-03-14,170.0,170.0,170.0,0.35,15.16,5216
1998-03-15,170.0,170.0,170.0,0.25,15.16,5216
1998-03-16,169.0,169.0,169.0,0.3,15.16,5216
1998-03-17,168.0,168.0,168.0,0.4,15.16,5216
1998-03-18,169.0,169.0,169.0,0.2,15.16,5216
1998-03-19,170.0,170.0,170.0,0.15,15.16,5216
1998-03-20,170.0,169.0,170.0,0.1,15.16,5216
1998-03-21,169.0,168.0,169.0,0.25,15.16,5216
1998-03-22,168.0,167.0,168.0,0.2,15.16,5216
1998-03-23,167.0,167.0,167.0,0.45,15.16,5216
1998-03-24,167.0,166.0,167.0,0.5,15.16,5216
1998-03-25,166.0,166.0,166.0,0.45,15.16,5216
1998-03-26,166.0,166.0,166.0,0.45,15.16,5216
1998-03-27,166.0,166.0,166.0,0.45,15.16,5216
1998-03-28,166.0,166.0,166.0,0.9,15.16,5216
1998-03-29,170.0,169.0,171.0,0.45,15.16,5216
1998-03-30,178.0,175.0,180.0,0.6,15.16,5216
1998-03-31,186.0,184.0,188.0,0.45,15.16,5216
1998-04-01,188.0,187.0,188.0,0.35,15.16,5216
1998-04-02,187.0,185.0,188.0,0.4,15.16,5216
1998-04-03,187.0,184.0,189.0,0.3,15.16,5216
1998-04-04,179.0,179.0,179.0,1.4,15.16,5216
1998-04-05,180.0,179.0,180.0,2.9,15.16,5216
1998-04-06,179.0,179.0,179.0,4.2,15.16,5216
1998-04-07,179.0,179.0,179.0,6.7,29.0,5216
1998-04-08,177.0,177.0,177.0,8.4,29.0,5216
1998-04-09,176.0,176.0,176.0,7.05,29.0,5216
1998-04-10,175.0,175.0,175.0,7.4,29.0,5216
1998-04-11,175.0,175.0,175.0,8.15,29.0,5216
1998-04-12,174.0,174.0,174.0,7.7,29.0,5216
1998-04-13,174.0,174.0,174.0,9.15,29.0,5216
1998-04-14,174.0,174.0,174.0,10.55,29.0,5216
1998-04-15,175.0,174.0,175.0,9.4,29.0,5216
1998-04-16,174.0,174.0,174.0,10.95,29.0,5216
1998-04-17,173.0,173.0,173.0,11.05,29.0,5216
1998-04-18,172.0,171.0,172.0,9.0,29.0,5216
1998-04-19,170.0,170.0,170.0,9.8,29.0,5216
1998-04-20,169.0,169.0,169.0,13.1,29.0,5216
1998-04-21,169.0,169.0,169.0,13.95,29.0,5216
1998-04-22,168.0,168.0,168.0,14.9,29.0,5216
1998-04-23,168.0,168.0,168.0,14.95,29.0,5216
1998-04-24,167.0,167.0,167.0,13.3,29.0,5216
1998-04-25,168.0,167.0,168.0,10.65,29.0,5216
1998-04-26,168.0,167.0,168.0,10.2,29.0,5216
1998-04-27,168.0,167.0,168.0,10.05,29.0,5216
1998-04-28,167.0,167.0,167.0,11.3,29.0,5216
1998-04-29,167.0,166.0,167.0,11.8,29.0,5216
1998-04-30,166.0,166.0,166.0,12.0,29.0,5216
1998-05-01,166.0,166.0,166.0,10.05,29.0,5216
1998-05-02,167.0,167.0,167.0,10.1,29.0,5216
1998-05-03,167.0,167.0,167.0,11.95,29.0,5216
1998-05-04,168.0,167.0,168.0,12.7,29.0,5216
1998-05-05,168.0,168.0,168.0,13.85,29.0,5216
1998-05-06,167.0,167.0,167.0,14.15,29.0,5216
1998-05-07,168.0,168.0,168.0,13.05,29.0,5216
1998-05-08,168.0,168.0,168.0,12.05,29.0,5216
1998-05-09,168.0,167.0,168.0,12.35,29.0,5216
1998-05-10,167.0,167.0,167.0,13.8,29.0,5216
1998-05-11,167.0,167.0,167.0,14.05,29.0,5216
1998-05-12,165.0,165.0,165.0,13.6,29.0,5216
1998-05-13,164.0,164.0,164.0,14.75,29.0,5216
1998-05-14,165.0,164.0,165.0,16.45,29.0,5216
1998-05-15,165.0,165.0,165.0,17.6,29.0,5216
1998-05-16,165.0,165.0,165.0,18.35,29.0,5216
1998-05-17,164.0,164.0,164.0,17.85,29.0,5216
1998-05-18,164.0,164.0,164.0,16.3,29.0,5216
1998-05-19,163.0,163.0,163.0,16.95,29.0,5216
1998-05-20,163.0,162.0,163.0,18.55,29.0,5216
1998-05-21,162.0,162.0,162.0,19.5,29.0,5216
1998-05-22,162.0,162.0,162.0,18.55,29.0,5216
1998-05-23,162.0,162.0,162.0,19.55,29.0,5216
1998-05-24,163.0,163.0,163.0,18.75,29.0,5216
1998-05-25,166.0,166.0,166.0,16.45,29.0,5216
1998-05-26,166.0,166.0,166.0,17.15,29.0,5216
1998-05-27,165.0,165.0,165.0,18.25,29.0,5216
1998-05-28,165.0,165.0,165.0,18.25,29.0,5216
1998-05-29,165.0,165.0,165.0,18.7,29.0,5216
1998-05-30,165.0,165.0,165.0,17.45,29.0,5216
1998-05-31,165.0,164.0,165.0,16.2,29.0,5216
1998-06-01,165.0,164.0,165.0,17.0,29.0,5216
1998-06-02,164.0,164.0,164.0,17.7,29.0,5216
1998-06-03,163.0,163.0,163.0,17.15,29.0,5216
1998-06-04,163.0,163.0,163.0,18.45,29.0,5216
1998-06-05,163.0,163.0,163.0,18.65,29.0,5216
1998-06-06,162.0,161.0,162.0,18.15,29.0,5216
1998-06-07,161.0,161.0,161.0,16.05,29.0,5216
1998-06-08,161.0,161.0,161.0,15.75,29.0,5216
1998-06-09,160.0,160.0,160.0,16.0,29.0,5216
1998-06-10,160.0,160.0,160.0,16.8,29.0,5216
1998-06-11,161.0,160.0,161.0,15.7,29.0,5216
1998-06-12,161.0,161.0,161.0,16.85,29.0,5216
1998-06-13,161.0,161.0,161.0,17.75,29.0,5216
1998-06-14,161.0,161.0,161.0,18.65,29.0,5216
1998-06-15,161.0,160.0,161.0,20.2,29.0,5216
1998-06-16,160.0,160.0,160.0,18.85,29.0,5216
1998-06-17,159.0,159.0,159.0,18.85,29.0,5216
1998-06-18,159.0,159.0,159.0,20.0,29.0,5216
1998-06-19,160.0,159.0,161.0,18.9,29.0,5216
1998-06-20,161.0,160.0,161.0,19.4,29.0,5216
1998-06-21,160.0,160.0,160.0,20.5,29.0,5216
1998-06-22,160.0,159.0,160.0,18.3,29.0,5216
1998-06-23,159.0,159.0,159.0,17.7,29.0,5216
1998-06-24,159.0,158.0,159.0,17.9,29.0,5216
1998-06-25,158.0,158.0,158.0,19.45,29.0,5216
1998-06-26,158.0,158.0,158.0,19.9,29.0,5216
1998-06-27,160.0,160.0,160.0,22.2,29.0,5216
1998-06-28,160.0,160.0,160.0,23.95,29.0,5216
1998-06-29,159.0,159.0,159.0,23.3,29.0,5216
1998-06-30,159.0,159.0,159.0,22.25,29.0,5216
1998-07-01,159.0,159.0,159.0,22.25,29.0,5216
1998-07-02,161.0,161.0,161.0,22.6,29.0,5216
1998-07-03,162.0,161.0,162.0,23.2,29.0,5216
1998-07-04,162.0,162.0,162.0,23.6,29.0,5216
1998-07-05,163.0,162.0,164.0,22.6,29.0,5216
1998-07-06,164.0,164.0,164.0,24.3,29.0,5216
1998-07-07,170.0,167.0,172.0,23.15,29.0,5216
1998-07-08,176.0,175.0,177.0,22.65,29.0,5216
1998-07-09,178.0,178.0,178.0,23.9,29.0,5216
1998-07-10,178.0,178.0,178.0,24.2,29.0,5216
1998-07-11,181.0,180.0,181.0,21.1,29.0,5216
1998-07-12,183.0,183.0,183.0,21.95,29.0,5216
1998-07-13,183.0,183.0,183.0,23.45,29.0,5216
1998-07-14,183.0,182.0,183.0,23.2,29.0,5216
1998-07-15,181.0,180.0,181.0,23.5,29.0,5216
1998-07-16,177.0,176.0,177.0,23.85,29.0,5216
1998-07-17,173.0,172.0,174.0,23.8,29.0,5216
1998-07-18,171.0,171.0,171.0,23.4,29.0,5216
1998-07-19,170.0,169.0,170.0,23.5,29.0,5216
1998-07-20,168.0,167.0,168.0,23.35,29.0,5216
1998-07-21,166.0,165.0,166.0,22.75,29.0,5216
1998-07-22,165.0,164.0,165.0,22.55,29.0,5216
1998-07-23,163.0,163.0,163.0,23.15,29.0,5216
1998-07-24,162.0,162.0,162.0,22.8,29.0,5216
1998-07-25,161.0,161.0,161.0,22.25,29.0,5216
1998-07-26,161.0,160.0,161.0,22.7,29.0,5216
1998-07-27,159.0,159.0,159.0,24.5,29.0,5216
1998-07-28,159.0,158.0,159.0,25.1,29.0,5216
1998-07-29,158.0,157.0,158.0,25.1,29.0,5216
1998-07-30,157.0,156.0,157.0,22.8,29.0,5216
1998-07-31,156.0,156.0,156.0,22.55,29.0,5216
1998-08-01,155.0,155.0,155.0,21.4,33.0,5216
1998-08-02,156.0,155.0,156.0,20.95,33.0,5216
1998-08-03,156.0,155.0,156.0,23.05,33.0,5216
1998-08-04,155.0,154.0,155.0,23.65,33.0,5216
1998-08-05,155.0,154.0,155.0,23.25,33.0,5216
1998-08-06,155.0,155.0,155.0,24.3,33.0,5216
1998-08-07,157.0,157.0,157.0,24.25,29.0,5216
1998-08-08,157.0,157.0,157.0,22.75,29.0,5216
1998-08-09,158.0,157.0,158.0,21.3,29.0,5216
1998-08-10,159.0,159.0,159.0,20.45,29.0,5216
1998-08-11,160.0,160.0,160.0,19.9,29.0,5216
1998-08-12,161.0,161.0,161.0,21.05,29.0,5216
1998-08-13,161.0,161.0,161.0,22.85,29.0,5216
1998-08-14,160.0,159.0,160.0,22.95,29.0,5216
1998-08-15,164.0,159.0,169.0,21.35,29.0,5216
1998-08-16,170.0,169.0,171.0,20.9,29.0,5216
1998-08-17,172.0,171.0,172.0,20.6,29.0,5216
1998-08-18,175.0,174.0,175.0,21.65,29.0,5216
1998-08-19,179.0,177.0,180.0,21.6,29.0,5216
1998-08-20,184.0,183.0,185.0,21.25,29.0,5216
1998-08-21,191.0,189.0,192.0,21.45,29.0,5216
1998-08-22,197.0,195.0,199.0,21.75,29.0,5216
1998-08-23,205.0,203.0,207.0,21.65,29.0,5216
1998-08-24,216.0,213.0,219.0,20.25,29.0,5216
1998-08-25,226.0,223.0,229.0,19.75,29.0,5216
1998-08-26,236.0,234.0,238.0,19.3,29.0,5216
1998-08-27,243.0,241.0,244.0,18.5,29.0,5216
1998-08-28,248.0,246.0,249.0,18.8,29.0,5216
1998-08-29,252.0,251.0,252.0,19.05,29.0,5216
1998-08-30,256.0,254.0,257.0,19.25,29.0,5216
1998-08-31,263.0,261.0,264.0,19.9,29.0,5216
1998-09-01,270.0,269.0,270.0,20.05,29.0,5216
1998-09-02,271.0,271.0,271.0,20.4,29.0,5216
1998-09-03,267.0,265.0,269.0,20.7,29.0,5216
1998-09-04,260.0,258.0,262.0,20.6,29.0,5216
1998-09-05,254.0,252.0,255.0,20.7,29.0,5216
1998-09-06,247.0,245.0,249.0,20.3,29.0,5216
1998-09-07,243.0,241.0,245.0,19.4,29.0,5216
1998-09-08,239.0,239.0,239.0,18.95,29.0,5216
1998-09-09,288.0,242.0,355.0,19.05,29.0,5216
1998-09-10,357.0,355.0,358.0,20.3,29.0,5216
1998-09-11,349.0,347.0,351.0,20.5,29.0,5216
1998-09-12,341.0,339.0,342.0,18.1,29.0,5216
1998-09-13,332.0,329.0,335.0,17.1,29.0,5216
1998-09-14,324.0,322.0,325.0,17.3,29.0,5216
1998-09-15,315.0,313.0,317.0,16.9,29.0,5216
1998-09-16,307.0,304.0,309.0,16.2,29.0,5216
1998-09-17,295.0,293.0,297.0,15.9,29.0,5216
1998-09-18,289.0,287.0,290.0,15.85,29.0,5216
1998-09-19,284.0,282.0,285.0,16.0,29.0,5216
1998-09-20,276.0,274.0,278.0,17.2,29.0,5216
1998-09-21,274.0,271.0,277.0,15.9,29.0,5216
1998-09-22,275.0,272.0,277.0,14.3,29.0,5216
1998-09-23,270.0,270.0,270.0,13.55,29.0,5216
1998-09-24,284.0,272.0,323.0,13.9,29.0,5216
1998-09-25,347.0,344.0,351.0,15.35,29.0,5216
1998-09-26,345.0,342.0,347.0,16.95,29.0,5216
1998-09-27,335.0,332.0,338.0,16.65,29.0,5216
1998-09-28,325.0,322.0,327.0,16.6,29.0,5216
1998-09-29,315.0,312.0,317.0,15.85,29.0,5216
1998-09-30,305.0,302.0,307.0,15.75,29.0,5216
1998-10-01,294.0,291.0,300.0,15.5,29.0,5216
1998-10-02,282.0,279.0,285.0,15.25,29.0,5216
1998-10-03,269.0,266.0,272.0,12.6,29.0,5216
1998-10-04,258.0,255.0,261.0,11.4,29.0,5216
1998-10-05,248.0,245.0,250.0,12.9,29.0,5216
1998-10-06,237.0,234.0,240.0,12.4,29.0,5216
1998-10-07,229.0,227.0,230.0,10.35,29.0,5216
1998-10-08,222.0,220.0,223.0,11.65,29.0,5216
1998-10-09,215.0,213.0,217.0,10.75,29.0,5216
1998-10-10,209.0,207.0,210.0,10.05,29.0,5216
1998-10-11,204.0,203.0,205.0,11.1,29.0,5216
1998-10-12,200.0,199.0,201.0,13.35,29.0,5216
1998-10-13,198.0,197.0,198.0,14.05,29.0,5216
1998-10-14,195.0,195.0,195.0,13.45,29.0,5216
1998-10-15,198.0,197.0,199.0,13.55,29.0,5216
1998-10-16,200.0,200.0,200.0,12.75,29.0,5216
1998-10-17,200.0,200.0,200.0,12.85,29.0,5216
1998-10-18,201.0,200.0,201.0,11.4,29.0,5216
1998-10-19,204.0,202.0,206.0,9.5,29.0,5216
1998-10-20,212.0,209.0,215.0,8.5,29.0,5216
1998-10-21,224.0,221.0,226.0,8.1,29.0,5216
1998-10-22,230.0,229.0,230.0,8.55,29.0,5216
1998-10-23,228.0,227.0,229.0,9.05,29.0,5216
1998-10-24,224.0,222.0,225.0,9.95,29.0,5216
1998-10-25,221.0,220.0,221.0,7.9,29.0,5216
1998-10-26,213.0,212.0,214.0,7.5,29.0,5216
1998-10-27,209.0,208.0,210.0,6.5,29.0,5216
1998-10-28,206.0,206.0,206.0,7.15,29.0,5216
1998-10-29,205.0,205.0,205.0,5.95,29.0,5216
1998-10-30,206.0,205.0,206.0,6.35,29.0,5216
1998-10-31,210.0,208.0,211.0,7.3,29.0,5216
1998-11-01,213.0,213.0,213.0,4.65,29.0,5216
1998-11-02,215.0,214.0,215.0,4.8,29.0,5216
1998-11-03,214.0,213.0,214.0,1.5,29.0,5216
1998-11-04,212.0,212.0,212.0,3.0,29.0,5216
1998-11-05,209.0,208.0,209.0,0.2,2.0,5216
1998-11-06,208.0,208.0,208.0,1.25,2.0,5216
1998-11-07,208.0,208.0,208.0,2.7,2.0,5216
1998-11-08,208.0,207.0,208.0,2.15,2.0,5216
1998-11-09,207.0,206.0,207.0,1.65,2.0,5216
1998-11-10,205.0,204.0,205.0,0.55,2.0,5216
1998-11-11,203.0,202.0,203.0,0.5,2.0,5216
1998-11-12,202.0,200.0,203.0,0.3,2.0,5216
1998-11-13,206.0,205.0,206.0,1.7,2.0,5216
1998-11-14,209.0,208.0,209.0,1.1,2.0,5216
1998-11-15,210.0,210.0,210.0,1.2,2.0,5216
1998-11-16,209.0,208.0,209.0,0.55,2.0,5216
1998-11-17,203.0,203.0,203.0,0.0,15.0,5216
1998-11-18,202.0,201.0,203.0,0.0,16.0,5216
1998-11-19,198.0,197.0,198.0,0.0,16.0,5216
1998-11-20,195.0,194.0,195.0,0.0,16.0,5216
1998-11-21,192.0,191.0,192.0,0.0,16.0,5216
1998-11-22,189.0,188.0,189.0,0.0,16.0,5216
1998-11-23,186.0,185.0,187.0,0.0,16.0,5216
1998-11-24,182.0,181.0,183.0,0.0,16.0,5216
1998-11-25,179.0,178.0,179.0,0.0,16.0,5216
1998-11-26,177.0,176.0,177.0,0.0,16.0,5216
1998-11-27,175.0,175.0,175.0,0.0,16.0,5216
1998-11-28,173.0,173.0,173.0,0.0,16.0,5216
1998-11-29,172.0,172.0,172.0,0.0,16.0,5216
1998-11-30,171.0,171.0,171.0,0.0,16.0,5216
1998-12-01,170.0,170.0,170.0,,16.0,5216
1998-12-02,171.0,171.0,171.0,,16.0,5216
1998-12-03,171.0,171.0,171.0,,16.0,5216
1998-12-04,172.0,172.0,172.0,,16.0,5216
1998-12-05,171.0,171.0,171.0,,16.0,5216
1998-12-06,170.0,170.0,170.0,,16.0,5216
1998-12-07,170.0,170.0,170.0,,16.0,5216
1998-12-08,170.0,170.0,170.0,,16.0,5216
1998-12-09,170.0,170.0,170.0,,16.0,5216
1998-12-10,169.0,169.0,169.0,,16.0,5216
1998-12-11,166.0,166.0,166.0,,16.0,5216
1998-12-12,163.0,163.0,163.0,,16.0,5216
1998-12-13,161.0,161.0,161.0,,16.0,5216
1998-12-14,161.0,161.0,161.0,,16.0,5216
1998-12-15,161.0,161.0,161.0,,16.0,5216
1998-12-16,160.0,160.0,160.0,,16.0,5216
1998-12-17,160.0,160.0,160.0,,16.0,5216
1998-12-18,160.0,160.0,160.0,,16.0,5216
1998-12-19,160.0,160.0,160.0,,16.0,5216
1998-12-20,159.0,159.0,159.0,,16.0,5216
1998-12-21,159.0,159.0,159.0,,16.0,5216
1998-12-22,159.0,159.0,159.0,,16.0,5216
1998-12-23,159.0,159.0,159.0,,16.0,5216
1998-12-24,159.0,159.0,159.0,,16.0,5216
1998-12-25,158.0,158.0,158.0,,16.0,5216
1998-12-26,158.0,158.0,158.0,,16.0,5216
1998-12-27,158.0,158.0,158.0,,16.0,5216
1998-12-28,157.0,157.0,157.0,,16.0,5216
1998-12-29,157.0,157.0,157.0,,16.0,5216
1998-12-30,156.0,156.0,156.0,,16.0,5216
1998-12-31,156.0,156.0,156.0,,16.0,5216
1999-01-01,156.0,156.0,156.0,,16.0,5216
1999-01-02,156.0,156.0,156.0,,16.0,5216
1999-01-03,156.0,156.0,156.0,,16.0,5216
1999-01-04,156.0,156.0,156.0,,16.0,5216
1999-01-05,156.0,156.0,156.0,,16.0,5216
1999-01-06,155.0,155.0,155.0,,16.0,5216
1999-01-07,155.0,155.0,155.0,,16.0,5216
1999-01-08,155.0,155.0,155.0,,16.0,5216
1999-01-09,155.0,155.0,155.0,,16.0,5216
1999-01-10,154.0,154.0,154.0,,16.0,5216
1999-01-11,154.0,154.0,154.0,,16.0,5216
1999-01-12,154.0,154.0,154.0,,16.0,5216
1999-01-13,153.0,153.0,153.0,,16.0,5216
1999-01-14,153.0,153.0,153.0,,16.0,5216
1999-01-15,153.0,153.0,153.0,,16.0,5216
1999-01-16,152.0,152.0,152.0,,16.0,5216
1999-01-17,151.0,151.0,151.0,,16.33,5216
1999-01-18,150.0,150.0,150.0,,16.33,5216
1999-01-19,150.0,150.0,150.0,,16.33,5216
1999-01-20,148.0,148.0,148.0,,16.33,5216
1999-01-21,148.0,148.0,148.0,,16.33,5216
1999-01-22,148.0,148.0,148.0,,16.33,5216
1999-01-23,147.0,147.0,147.0,,16.33,5216
1999-01-24,146.0,146.0,146.0,,16.33,5216
1999-01-25,146.0,146.0,146.0,,16.33,5216
1999-01-26,145.0,145.0,145.0,,16.33,5216
1999-01-27,144.0,144.0,144.0,,16.33,5216
1999-01-28,142.0,142.0,142.0,,16.33,5216
1999-01-29,140.0,140.0,140.0,,16.33,5216
1999-01-30,139.0,139.0,139.0,,16.33,5216
1999-01-31,138.0,138.0,138.0,,16.33,5216
1999-02-01,138.0,138.0,138.0,,16.33,5216
1999-02-02,136.0,136.0,136.0,,16.33,5216
1999-02-03,134.0,134.0,134.0,,16.33,5216
1999-02-04,133.0,133.0,133.0,,16.33,5216
1999-02-05,132.0,132.0,132.0,,16.33,5216
1999-02-06,131.0,131.0,131.0,,16.33,5216
1999-02-07,130.0,130.0,130.0,,16.33,5216
1999-02-08,129.0,129.0,129.0,,16.33,5216
1999-02-09,127.0,127.0,127.0,,16.33,5216
1999-02-10,125.0,125.0,125.0,,16.33,5216
1999-02-11,124.0,124.0,124.0,,16.33,5216
1999-02-12,123.0,123.0,123.0,,16.33,5216
1999-02-13,122.0,122.0,122.0,,16.33,5216
1999-02-14,121.0,121.0,121.0,,16.33,5216
1999-02-15,121.0,121.0,121.0,,16.33,5216
1999-02-16,121.0,121.0,121.0,,16.33,5216
1999-02-17,121.0,121.0,121.0,,16.33,5216
1999-02-18,121.0,121.0,121.0,,16.33,5216
1999-02-19,120.0,120.0,120.0,,16.33,5216
1999-02-20,118.0,118.0,118.0,,16.33,5216
1999-02-21,116.0,116.0,116.0,,16.33,5216
1999-02-22,115.0,115.0,115.0,,16.33,5216
1999-02-23,114.0,114.0,114.0,,16.33,5216
1999-02-24,114.0,114.0,114.0,,16.33,5216
1999-02-25,114.0,114.0,114.0,,16.33,5216
1999-02-26,115.0,115.0,115.0,,16.33,5216
1999-02-27,116.0,116.0,116.0,,16.33,5216
1999-02-28,117.0,117.0,117.0,,16.33,5216
1999-03-01,118.0,118.0,118.0,0.0,16.33,5216
1999-03-02,116.0,116.0,116.0,0.0,16.33,5216
1999-03-03,116.0,116.0,116.0,0.0,16.33,5216
1999-03-04,115.0,115.0,115.0,0.0,16.33,5216
1999-03-05,115.0,115.0,115.0,0.0,16.33,5216
1999-03-06,114.0,114.0,114.0,0.0,16.33,5216
1999-03-07,114.0,114.0,114.0,0.0,16.33,5216
1999-03-08,113.0,113.0,113.0,0.0,16.33,5216
1999-03-09,113.0,113.0,113.0,0.0,16.33,5216
1999-03-10,112.0,112.0,112.0,0.0,16.33,5216
1999-03-11,112.0,112.0,112.0,0.0,16.33,5216
1999-03-12,111.0,111.0,111.0,0.0,16.33,5216
1999-03-13,111.0,111.0,111.0,0.0,16.33,5216
1999-03-14,110.0,110.0,110.0,0.0,16.33,5216
1999-03-15,110.0,110.0,110.0,0.0,16.33,5216
1999-03-16,112.0,112.0,112.0,0.0,16.33,5216
1999-03-17,112.0,112.0,112.0,0.0,16.33,5216
1999-03-18,114.0,114.0,114.0,0.0,16.33,5216
1999-03-19,114.0,114.0,114.0,0.0,16.33,5216
1999-03-20,112.0,112.0,112.0,0.0,16.33,5216
1999-03-21,112.0,112.0,112.0,0.05,16.33,5216
1999-03-22,111.0,111.0,111.0,0.05,16.33,5216
1999-03-23,118.0,117.0,119.0,0.2,16.33,5216
1999-03-24,132.0,124.0,140.0,0.3,16.33,5216
1999-03-25,186.0,179.0,192.0,0.25,,5216
1999-03-26,232.0,222.0,241.0,0.4,,5216
1999-03-27,257.0,251.0,262.0,0.25,26.0,5216
1999-03-28,279.0,275.0,282.0,0.35,26.0,5216
1999-03-29,303.0,295.0,310.0,0.4,26.0,5216
1999-03-30,347.0,345.0,349.0,0.4,26.16,5216
1999-03-31,329.0,326.0,331.0,0.35,26.16,5216
1999-04-01,318.0,315.0,320.0,0.7,26.16,5216
1999-04-02,303.0,300.0,306.0,0.65,26.16,5216
1999-04-03,282.0,279.0,285.0,1.05,26.16,5216
1999-04-04,260.0,256.0,263.0,0.5,26.16,5216
1999-04-05,256.0,252.0,260.0,1.25,26.16,5216
1999-04-06,257.0,253.0,260.0,0.95,26.16,5216
1999-04-07,251.0,249.0,253.0,1.6,26.16,5216
1999-04-08,242.0,238.0,245.0,1.7,26.16,5216
1999-04-09,226.0,223.0,229.0,1.95,26.16,5216
1999-04-10,217.0,215.0,218.0,3.2,26.16,5216
1999-04-11,210.0,208.0,211.0,3.85,29.0,5216
1999-04-12,206.0,206.0,206.0,3.7,29.0,5216
1999-04-13,216.0,207.0,233.0,1.9,29.0,5216
1999-04-14,260.0,243.0,292.0,3.0,29.0,5216
1999-04-15,326.0,306.0,355.0,4.25,29.0,5216
1999-04-16,367.0,364.0,370.0,5.7,29.0,5216
1999-04-17,356.0,352.0,359.0,6.45,29.0,5216
1999-04-18,347.0,345.0,349.0,8.85,29.0,5216
1999-04-19,339.0,336.0,341.0,10.75,29.0,5216
1999-04-20,328.0,324.0,331.0,10.0,29.0,5216
1999-04-21,312.0,307.0,317.0,8.65,29.0,5216
1999-04-22,304.0,303.0,305.0,9.0,29.0,5216
1999-04-23,293.0,289.0,297.0,10.05,29.0,5216
1999-04-24,275.0,270.0,279.0,11.6,29.0,5216
1999-04-25,258.0,254.0,261.0,13.15,29.0,5216
1999-04-26,243.0,239.0,246.0,12.75,29.0,5216
1999-04-27,231.0,229.0,233.0,11.6,29.0,5216
1999-04-28,224.0,223.0,225.0,10.4,29.0,5216
1999-04-29,220.0,219.0,221.0,10.75,29.0,5216
1999-04-30,216.0,215.0,217.0,11.6,29.0,5216
1999-05-01,214.0,213.0,215.0,11.5,29.0,5216
1999-05-02,211.0,210.0,211.0,11.95,29.0,5216
1999-05-03,208.0,206.0,209.0,11.1,29.0,5216
1999-05-04,205.0,204.0,206.0,11.65,29.0,5216
1999-05-05,202.0,200.0,203.0,11.75,29.0,5216
1999-05-06,198.0,197.0,198.0,11.65,29.0,5216
1999-05-07,198.0,197.0,198.0,11.25,29.0,5216
1999-05-08,199.0,198.0,199.0,11.85,29.0,5216
1999-05-09,200.0,199.0,200.0,11.85,29.0,5216
1999-05-10,203.0,202.0,204.0,12.75,29.0,5216
1999-05-11,207.0,206.0,208.0,14.2,29.0,5216
1999-05-12,211.0,209.0,212.0,14.95,29.0,5216
1999-05-13,217.0,216.0,218.0,15.5,29.0,5216
1999-05-14,219.0,219.0,219.0,15.1,29.0,5216
1999-05-15,218.0,217.0,219.0,15.15,29.0,5216
1999-05-16,214.0,213.0,215.0,14.6,29.0,5216
1999-05-17,211.0,209.0,212.0,14.1,29.0,5216
1999-05-18,206.0,205.0,207.0,14.05,29.0,5216
1999-05-19,201.0,200.0,201.0,14.1,29.0,5216
1999-05-20,199.0,198.0,200.0,14.4,29.0,5216
1999-05-21,197.0,197.0,197.0,15.75,29.0,5216
1999-05-22,197.0,197.0,197.0,17.75,29.0,5216
1999-05-23,199.0,198.0,199.0,18.05,29.0,5216
1999-05-24,202.0,201.0,202.0,17.45,29.0,5216
1999-05-25,202.0,202.0,202.0,16.7,29.0,5216
1999-05-26,201.0,200.0,201.0,16.55,29.0,5216
1999-05-27,199.0,199.0,199.0,16.2,29.0,5216
1999-05-28,201.0,200.0,202.0,14.55,29.0,5216
1999-05-29,203.0,202.0,203.0,14.75,29.0,5216
1999-05-30,210.0,206.0,213.0,16.75,29.0,5216
1999-05-31,222.0,219.0,225.0,16.95,29.0,5216
1999-06-01,228.0,227.0,228.0,16.8,29.0,5216
1999-06-02,227.0,226.0,227.0,17.1,29.0,5216
1999-06-03,227.0,225.0,228.0,17.3,29.0,5216
1999-06-04,233.0,231.0,235.0,17.2,29.0,5216
1999-06-05,244.0,237.0,259.0,16.65,29.0,5216
1999-06-06,276.0,265.0,289.0,16.15,29.0,5216
1999-06-07,297.0,295.0,299.0,16.8,29.0,5216
1999-06-08,299.0,298.0,300.0,17.25,29.0,5216
1999-06-09,297.0,296.0,298.0,18.45,29.0,5216
1999-06-10,308.0,305.0,310.0,18.35,29.0,5216
1999-06-11,313.0,313.0,313.0,18.95,29.0,5216
1999-06-12,309.0,307.0,311.0,20.05,29.0,5216
1999-06-13,298.0,294.0,301.0,21.2,29.0,5216
1999-06-14,281.0,276.0,286.0,22.45,29.0,5216
1999-06-15,264.0,260.0,268.0,22.0,29.0,5216
1999-06-16,249.0,245.0,253.0,20.7,29.0,5216
1999-06-17,235.0,231.0,239.0,19.2,29.0,5216
1999-06-18,222.0,218.0,225.0,19.2,29.0,5216
1999-06-19,211.0,209.0,213.0,18.55,29.0,5216
1999-06-20,204.0,203.0,205.0,18.35,29.0,5216
1999-06-21,200.0,198.0,201.0,18.1,29.0,5216
1999-06-22,194.0,193.0,195.0,19.7,29.0,5216
1999-06-23,191.0,190.0,191.0,19.7,29.0,5216
1999-06-24,189.0,189.0,189.0,19.7,29.0,5216
1999-06-25,188.0,187.0,188.0,19.8,29.0,5216
1999-06-26,187.0,186.0,187.0,19.7,29.0,5216
1999-06-27,186.0,185.0,186.0,19.9,29.0,5216
1999-06-28,184.0,184.0,184.0,19.85,29.0,5216
1999-06-29,183.0,183.0,183.0,20.2,29.0,5216
1999-06-30,183.0,183.0,183.0,21.5,29.0,5216
1999-07-01,183.0,183.0,183.0,22.8,29.0,5216
1999-07-02,184.0,183.0,185.0,22.25,29.0,5216
1999-07-03,185.0,184.0,185.0,21.0,29.0,5216
1999-07-04,184.0,184.0,184.0,22.45,29.0,5216
1999-07-05,186.0,185.0,186.0,23.85,29.0,5216
1999-07-06,187.0,187.0,187.0,24.5,29.0,5216
1999-07-07,187.0,187.0,187.0,24.25,31.0,5216
1999-07-08,186.0,186.0,186.0,23.0,31.0,5216
1999-07-09,185.0,184.0,185.0,22.9,31.0,5216
1999-07-10,182.0,181.0,183.0,22.85,31.0,5216
1999-07-11,180.0,179.0,180.0,23.5,31.0,5216
1999-07-12,179.0,178.0,179.0,24.95,31.0,5216
1999-07-13,177.0,176.0,177.0,25.9,31.0,5216
1999-07-14,175.0,175.0,175.0,26.65,31.0,5216
1999-07-15,173.0,173.0,173.0,25.75,31.0,5216
1999-07-16,173.0,173.0,173.0,25.0,31.0,5216
1999-07-17,173.0,172.0,173.0,23.25,31.0,5216
1999-07-18,172.0,171.0,172.0,22.8,31.0,5216
1999-07-19,171.0,170.0,171.0,23.5,31.0,5216
1999-07-20,170.0,170.0,170.0,23.8,31.0,5216
1999-07-21,170.0,169.0,170.0,25.15,31.0,5216
1999-07-22,169.0,169.0,169.0,25.1,31.0,5216
1999-07-23,169.0,168.0,169.0,25.1,31.0,5216
1999-07-24,170.0,169.0,170.0,25.35,31.0,5216
1999-07-25,169.0,169.0,169.0,25.8,31.0,5216
1999-07-26,168.0,168.0,168.0,26.35,31.0,5216
1999-07-27,167.0,167.0,167.0,26.45,31.0,5216
1999-07-28,167.0,167.0,167.0,25.45,31.0,5216
1999-07-29,173.0,171.0,175.0,25.2,31.0,5216
1999-07-30,187.0,179.0,194.0,23.25,31.0,5216
1999-07-31,196.0,195.0,196.0,22.7,31.0,5216
1999-08-01,194.0,193.0,196.0,23.65,31.0,5216
1999-08-02,189.0,187.0,190.0,22.8,31.0,5216
1999-08-03,184.0,183.0,185.0,22.2,31.0,5216
1999-08-04,180.0,179.0,180.0,22.45,31.0,5216
1999-08-05,178.0,177.0,178.0,23.05,31.0,5216
1999-08-06,176.0,175.0,176.0,24.25,31.0,5216
1999-08-07,175.0,174.0,175.0,24.65,31.0,5216
1999-08-08,173.0,173.0,173.0,25.85,31.0,5216
1999-08-09,172.0,172.0,172.0,27.15,31.0,5216
1999-08-10,171.0,171.0,171.0,27.55,31.0,5216
1999-08-11,170.0,169.0,170.0,27.35,31.0,5216
1999-08-12,169.0,168.0,169.0,25.45,31.0,5216
1999-08-13,168.0,167.0,168.0,24.85,31.0,5216
1999-08-14,167.0,166.0,167.0,25.4,31.0,5216
1999-08-15,164.0,163.0,165.0,25.45,31.0,5216
1999-08-16,163.0,163.0,163.0,24.0,31.0,5216
1999-08-17,162.0,161.0,162.0,23.6,31.0,5216
1999-08-18,160.0,160.0,160.0,22.85,31.0,5216
1999-08-19,160.0,159.0,160.0,22.35,31.0,5216
1999-08-20,163.0,162.0,163.0,21.2,31.0,5216
1999-08-21,163.0,163.0,163.0,20.8,31.0,5216
1999-08-22,163.0,163.0,163.0,21.55,31.0,5216
1999-08-23,162.0,161.0,162.0,21.3,31.0,5216
1999-08-24,161.0,161.0,161.0,21.2,31.0,5216
1999-08-25,161.0,161.0,161.0,20.95,31.0,5216
1999-08-26,161.0,161.0,161.0,21.3,31.0,5216
1999-08-27,162.0,161.0,162.0,22.7,31.0,5216
1999-08-28,162.0,162.0,162.0,23.1,31.0,5216
1999-08-29,162.0,162.0,162.0,23.2,31.0,5216
1999-08-30,164.0,163.0,164.0,22.05,31.0,5216
1999-08-31,164.0,164.0,164.0,22.4,31.0,5216
1999-09-01,164.0,163.0,164.0,22.15,31.0,5216
1999-09-02,162.0,162.0,162.0,21.7,31.0,5216
1999-09-03,162.0,161.0,162.0,22.85,31.0,5216
1999-09-04,161.0,161.0,161.0,23.5,31.0,5216
1999-09-05,161.0,161.0,161.0,22.85,31.0,5216
1999-09-06,161.0,161.0,161.0,23.4,31.0,5216
1999-09-07,161.0,160.0,161.0,22.95,31.0,5216
1999-09-08,162.0,161.0,162.0,22.95,31.0,5216
1999-09-09,160.0,159.0,160.0,23.85,31.0,5216
1999-09-10,159.0,159.0,159.0,22.55,31.0,5216
1999-09-11,159.0,158.0,159.0,22.8,31.0,5216
1999-09-12,158.0,158.0,158.0,21.65,31.0,5216
1999-09-13,157.0,157.0,157.0,19.45,31.0,5216
1999-09-14,156.0,155.0,156.0,18.25,31.0,5216
1999-09-15,155.0,154.0,155.0,17.55,31.0,5216
1999-09-16,153.0,153.0,153.0,17.05,31.0,5216
1999-09-17,152.0,152.0,152.0,16.3,33.31,5216
1999-09-18,152.0,152.0,152.0,16.1,33.31,5216
1999-09-19,152.0,151.0,152.0,15.15,33.31,5216
1999-09-20,151.0,150.0,151.0,14.05,33.31,5216
1999-09-21,150.0,150.0,150.0,13.1,33.31,5216
1999-09-22,150.0,149.0,150.0,12.7,33.31,5216
1999-09-23,150.0,149.0,151.0,13.35,33.31,5216
1999-09-24,151.0,151.0,151.0,14.4,31.0,5216
1999-09-25,151.0,151.0,151.0,14.7,31.0,5216
1999-09-26,152.0,152.0,152.0,14.9,31.0,5216
1999-09-27,153.0,153.0,153.0,16.1,31.0,5216
1999-09-28,152.0,152.0,152.0,14.55,31.0,5216
1999-09-29,152.0,152.0,152.0,14.8,31.0,5216
1999-09-30,152.0,152.0,152.0,14.5,31.0,5216
1999-10-01,151.0,151.0,151.0,12.1,29.0,5216
1999-10-02,153.0,152.0,154.0,10.7,29.0,5216
1999-10-03,157.0,157.0,157.0,10.1,29.0,5216
1999-10-04,159.0,157.0,160.0,8.65,29.0,5216
1999-10-05,162.0,161.0,162.0,10.25,29.0,5216
1999-10-06,163.0,163.0,163.0,12.55,29.0,5216
1999-10-07,164.0,164.0,164.0,13.1,29.0,5216
1999-10-08,165.0,165.0,165.0,11.75,29.0,5216
1999-10-09,164.0,163.0,164.0,9.85,29.0,5216
1999-10-10,163.0,163.0,163.0,11.55,29.0,5216
1999-10-11,163.0,163.0,163.0,12.5,29.0,5216
1999-10-12,163.0,163.0,163.0,12.45,29.0,5216
1999-10-13,163.0,163.0,163.0,11.4,29.0,5216
1999-10-14,163.0,163.0,163.0,9.3,29.0,5216
1999-10-15,163.0,163.0,163.0,7.0,29.0,5216
1999-10-16,163.0,163.0,163.0,4.5,29.0,5216
1999-10-17,163.0,163.0,163.0,4.0,2.29,5216
1999-10-18,163.0,163.0,163.0,2.4,2.29,5216
1999-10-19,163.0,163.0,163.0,5.4,2.29,5216
1999-10-20,162.0,162.0,162.0,8.2,29.0,5216
1999-10-21,162.0,162.0,162.0,7.6,29.0,5216
1999-10-22,162.0,161.0,162.0,7.95,29.0,5216
1999-10-23,161.0,161.0,161.0,4.5,29.0,5216
1999-10-24,161.0,161.0,161.0,4.05,29.0,5216
1999-10-25,161.0,161.0,161.0,5.1,29.0,5216
1999-10-26,161.0,161.0,161.0,6.25,29.0,5216
1999-10-27,161.0,161.0,161.0,6.85,29.0,5216
1999-10-28,162.0,162.0,162.0,6.0,29.0,5216
1999-10-29,162.0,162.0,162.0,5.7,29.0,5216
1999-10-30,163.0,163.0,163.0,4.95,2.29,5216
1999-10-31,163.0,163.0,163.0,3.9,2.29,5216
1999-11-01,163.0,163.0,163.0,2.7,15.29,5216
1999-11-02,164.0,163.0,164.0,2.3,15.29,5216
1999-11-03,164.0,164.0,164.0,2.15,15.29,5216
1999-11-04,164.0,164.0,164.0,2.15,15.29,5216
1999-11-05,164.0,163.0,164.0,1.8,15.0,5216
1999-11-06,163.0,162.0,163.0,1.45,15.0,5216
1999-11-07,162.0,162.0,162.0,2.95,15.29,5216
1999-11-08,162.0,162.0,162.0,3.35,15.29,5216
1999-11-09,162.0,162.0,162.0,3.0,15.29,5216
1999-11-10,162.0,162.0,162.0,2.35,15.29,5216
1999-11-11,163.0,163.0,163.0,4.2,29.0,5216
1999-11-12,164.0,164.0,164.0,4.5,29.0,5216
1999-11-13,164.0,163.0,164.0,3.35,29.0,5216
1999-11-14,163.0,162.0,163.0,0.1,15.0,5216
1999-11-15,161.0,161.0,161.0,0.1,15.0,5216
1999-11-16,161.0,161.0,161.0,0.1,15.0,5216
1999-11-17,161.0,160.0,161.0,0.1,15.0,5216
1999-11-18,160.0,160.0,160.0,0.1,15.0,5216
1999-11-19,160.0,160.0,160.0,0.1,15.0,5216
1999-11-20,160.0,160.0,160.0,0.4,15.0,5216
1999-11-21,160.0,160.0,160.0,0.4,15.0,5216
1999-11-22,160.0,160.0,160.0,0.5,15.0,5216
1999-11-23,160.0,160.0,160.0,0.2,15.0,5216
1999-11-24,159.0,159.0,159.0,0.0,15.0,5216
1999-11-25,159.0,159.0,159.0,0.0,16.15,5216
1999-11-26,159.0,159.0,159.0,0.0,16.0,5216
1999-11-27,159.0,159.0,159.0,0.0,16.0,5216
1999-11-28,159.0,159.0,159.0,0.0,16.0,5216
1999-11-29,159.0,159.0,159.0,0.0,16.0,5216
1999-11-30,159.0,159.0,159.0,0.0,16.0,5216
1999-12-01,159.0,159.0,159.0,,16.0,5216
1999-12-02,159.0,159.0,159.0,,16.0,5216
1999-12-03,159.0,159.0,159.0,,16.0,5216
1999-12-04,159.0,159.0,159.0,,16.0,5216
1999-12-05,159.0,159.0,159.0,,16.0,5216
1999-12-06,158.0,158.0,158.0,,16.0,5216
1999-12-07,158.0,158.0,158.0,,16.0,5216
1999-12-08,158.0,158.0,158.0,,16.0,5216
1999-12-09,157.0,157.0,157.0,,16.0,5216
1999-12-10,156.0,156.0,156.0,,16.0,5216
1999-12-11,155.0,155.0,155.0,,16.0,5216
1999-12-12,154.0,154.0,154.0,,16.0,5216
1999-12-13,153.0,153.0,153.0,,16.0,5216
1999-12-14,151.0,151.0,151.0,,16.33,5216
1999-12-15,149.0,149.0,149.0,,16.33,5216
1999-12-16,148.0,148.0,148.0,,16.33,5216
1999-12-17,147.0,147.0,147.0,,16.33,5216
1999-12-18,146.0,146.0,146.0,,16.33,5216
1999-12-19,145.0,145.0,145.0,,16.33,5216
1999-12-20,144.0,144.0,144.0,,16.33,5216
1999-12-21,143.0,143.0,143.0,,16.33,5216
1999-12-22,142.0,142.0,142.0,,16.33,5216
1999-12-23,140.0,140.0,140.0,,16.33,5216
1999-12-24,139.0,139.0,139.0,,16.33,5216
1999-12-25,138.0,138.0,138.0,,16.33,5216
1999-12-26,137.0,137.0,137.0,,16.33,5216
1999-12-27,136.0,136.0,136.0,,16.33,5216
1999-12-28,135.0,135.0,135.0,,16.33,5216
1999-12-29,134.0,134.0,134.0,,16.33,5216
1999-12-30,133.0,133.0,133.0,,16.33,5216
1999-12-31,132.0,132.0,132.0,,16.33,5216
2000-01-01,130.0,130.0,130.0,,16.33,5216
2000-01-02,129.0,129.0,129.0,,16.33,5216
2000-01-03,128.0,128.0,128.0,,16.33,5216
2000-01-04,128.0,128.0,128.0,,16.33,5216
2000-01-05,127.0,127.0,127.0,,16.33,5216
2000-01-06,127.0,127.0,127.0,,16.33,5216
2000-01-07,126.0,126.0,126.0,,16.33,5216
2000-01-08,125.0,125.0,125.0,,16.33,5216
2000-01-09,125.0,125.0,125.0,,16.33,5216
2000-01-10,124.0,124.0,124.0,,16.33,5216
2000-01-11,124.0,124.0,124.0,,16.33,5216
2000-01-12,124.0,124.0,124.0,,16.33,5216
2000-01-13,123.0,123.0,123.0,,16.33,5216
2000-01-14,123.0,123.0,123.0,,16.33,5216
2000-01-15,123.0,123.0,123.0,,16.33,5216
2000-01-16,122.0,122.0,122.0,,16.33,5216
2000-01-17,122.0,122.0,122.0,,16.33,5216
2000-01-18,122.0,122.0,122.0,,16.33,5216
2000-01-19,121.0,121.0,121.0,,16.33,5216
2000-01-20,121.0,121.0,121.0,,16.33,5216
2000-01-21,121.0,121.0,121.0,,16.33,5216
2000-01-22,120.0,120.0,120.0,,16.33,5216
2000-01-23,120.0,120.0,120.0,,16.33,5216
2000-01-24,120.0,120.0,120.0,,16.33,5216
2000-01-25,119.0,119.0,119.0,,16.33,5216
2000-01-26,118.0,118.0,118.0,,16.33,5216
2000-01-27,117.0,117.0,117.0,,16.33,5216
2000-01-28,116.0,116.0,116.0,,16.33,5216
2000-01-29,115.0,115.0,115.0,,16.33,5216
2000-01-30,114.0,114.0,114.0,,16.33,5216
2000-01-31,114.0,114.0,114.0,,16.33,5216
2000-02-01,114.0,114.0,114.0,,16.33,5216
2000-02-02,113.0,113.0,113.0,,16.33,5216
2000-02-03,112.0,112.0,112.0,,16.33,5216
2000-02-04,111.0,111.0,111.0,,16.33,5216
2000-02-05,111.0,111.0,111.0,,16.33,5216
2000-02-06,110.0,110.0,110.0,,16.33,5216
2000-02-07,110.0,110.0,110.0,,16.33,5216
2000-02-08,110.0,110.0,110.0,,16.33,5216
2000-02-09,109.0,109.0,109.0,,16.33,5216
2000-02-10,109.0,109.0,109.0,,16.33,5216
2000-02-11,108.0,108.0,108.0,,16.33,5216
2000-02-12,108.0,108.0,108.0,,16.33,5216
2000-02-13,107.0,107.0,107.0,,16.33,5216
2000-02-14,107.0,107.0,107.0,,16.33,5216
2000-02-15,107.0,107.0,107.0,,16.33,5216
2000-02-16,106.0,106.0,106.0,,16.33,5216
2000-02-17,106.0,106.0,106.0,,16.33,5216
2000-02-18,105.0,105.0,105.0,,16.33,5216
2000-02-19,105.0,105.0,105.0,,16.33,5216
2000-02-20,105.0,105.0,105.0,,16.33,5216
2000-02-21,104.0,104.0,104.0,,16.33,5216
2000-02-22,104.0,104.0,104.0,,16.33,5216
2000-02-23,104.0,104.0,104.0,,16.33,5216
2000-02-24,103.0,103.0,103.0,,16.33,5216
2000-02-25,103.0,103.0,103.0,,16.33,5216
2000-02-26,103.0,103.0,103.0,,16.33,5216
2000-02-27,102.0,102.0,102.0,,16.33,5216
2000-02-28,102.0,102.0,102.0,,16.33,5216
2000-02-29,101.0,101.0,101.0,,16.33,5216
2000-03-01,101.0,101.0,101.0,,16.33,5216
2000-03-02,101.0,101.0,101.0,,16.33,5216
2000-03-03,101.0,101.0,101.0,,16.33,5216
2000-03-04,100.0,100.0,100.0,,16.33,5216
2000-03-05,100.0,100.0,100.0,,16.33,5216
2000-03-06,100.0,100.0,100.0,,16.33,5216
2000-03-07,99.0,99.0,99.0,,16.33,5216
2000-03-08,99.0,99.0,99.0,,16.33,5216
2000-03-09,99.0,99.0,99.0,,16.33,5216
2000-03-10,99.0,99.0,99.0,,16.33,5216
2000-03-11,99.0,99.0,99.0,0.0,16.33,5216
2000-03-12,99.0,98.0,100.0,0.0,16.33,5216
2000-03-13,101.0,100.0,101.0,0.0,16.33,5216
2000-03-14,102.0,99.0,104.0,0.4,16.33,5216
2000-03-15,106.0,104.0,107.0,0.5,16.33,5216
2000-03-16,109.0,107.0,111.0,0.35,16.33,5216
2000-03-17,116.0,114.0,117.0,0.55,16.33,5216
2000-03-18,121.0,118.0,124.0,0.65,16.33,5216
2000-03-19,131.0,129.0,133.0,0.75,16.33,5216
2000-03-20,146.0,138.0,153.0,0.85,16.33,5216
2000-03-21,173.0,159.0,186.0,0.75,,5216
2000-03-22,213.0,196.0,230.0,0.8,26.16,5216
2000-03-23,238.0,235.0,241.0,0.95,26.16,5216
2000-03-24,243.0,241.0,245.0,0.8,26.16,5216
2000-03-25,243.0,239.0,246.0,0.75,,5216
2000-03-26,253.0,250.0,256.0,0.85,25.16,5216
2000-03-27,266.0,265.0,267.0,0.75,16.0,5216
2000-03-28,270.0,269.0,271.0,0.85,16.0,5216
2000-03-29,270.0,267.0,273.0,0.75,16.0,5216
2000-03-30,259.0,257.0,261.0,0.8,16.0,5216
2000-03-31,248.0,245.0,251.0,0.85,25.16,5216
2000-04-01,233.0,230.0,235.0,2.05,16.0,5216
2000-04-02,225.0,223.0,227.0,2.2,16.0,5216
2000-04-03,224.0,223.0,224.0,2.7,2.0,5216
2000-04-04,225.0,225.0,225.0,3.4,29.0,5216
2000-04-05,232.0,230.0,234.0,3.9,29.0,5216
2000-04-06,243.0,241.0,244.0,4.8,29.0,5216
2000-04-07,245.0,245.0,245.0,4.35,29.0,5216
2000-04-08,239.0,236.0,241.0,6.05,29.0,5216
2000-04-09,229.0,226.0,231.0,6.05,29.0,5216
2000-04-10,223.0,222.0,224.0,5.15,29.0,5216
2000-04-11,219.0,218.0,219.0,3.7,29.0,5216
2000-04-12,213.0,211.0,214.0,4.0,29.0,5216
2000-04-13,206.0,205.0,207.0,5.6,29.0,5216
2000-04-14,202.0,201.0,203.0,6.0,29.0,5216
2000-04-15,199.0,198.0,199.0,7.2,29.0,5216
2000-04-16,197.0,196.0,197.0,7.45,29.0,5216
2000-04-17,194.0,193.0,194.0,8.15,29.0,5216
2000-04-18,192.0,192.0,192.0,8.35,29.0,5216
2000-04-19,192.0,192.0,192.0,8.6,29.0,5216
2000-04-20,191.0,190.0,191.0,8.1,29.0,5216
2000-04-21,190.0,189.0,190.0,7.5,29.0,5216
2000-04-22,192.0,191.0,192.0,8.25,29.0,5216
2000-04-23,197.0,195.0,198.0,8.6,29.0,5216
2000-04-24,200.0,199.0,201.0,8.75,29.0,5216
2000-04-25,206.0,204.0,207.0,9.2,29.0,5216
2000-04-26,211.0,209.0,213.0,8.35,29.0,5216
2000-04-27,219.0,217.0,221.0,8.0,29.0,5216
2000-04-28,228.0,226.0,229.0,10.35,29.0,5216
2000-04-29,233.0,232.0,234.0,12.95,29.0,5216
2000-04-30,235.0,235.0,235.0,12.2,29.0,5216
2000-05-01,235.0,235.0,235.0,11.95,29.0,5216
2000-05-02,235.0,235.0,235.0,13.2,29.0,5216
2000-05-03,232.0,231.0,233.0,13.8,29.0,5216
2000-05-04,227.0,225.0,229.0,13.55,29.0,5216
2000-05-05,221.0,219.0,222.0,12.0,29.0,5216
2000-05-06,216.0,215.0,217.0,11.6,29.0,5216
2000-05-07,214.0,213.0,215.0,12.5,29.0,5216
2000-05-08,212.0,211.0,212.0,13.2,29.0,5216
2000-05-09,210.0,209.0,210.0,13.1,29.0,5216
2000-05-10,209.0,208.0,209.0,13.55,29.0,5216
2000-05-11,210.0,208.0,211.0,12.85,29.0,5216
2000-05-12,216.0,215.0,217.0,11.5,29.0,5216
2000-05-13,220.0,219.0,221.0,10.7,29.0,5216
2000-05-14,223.0,222.0,223.0,12.5,29.0,5216
2000-05-15,226.0,225.0,227.0,13.95,29.0,5216
2000-05-16,230.0,229.0,231.0,16.25,29.0,5216
2000-05-17,238.0,236.0,239.0,17.4,29.0,5216
2000-05-18,244.0,243.0,245.0,18.05,29.0,5216
2000-05-19,244.0,243.0,245.0,17.15,29.0,5216
2000-05-20,238.0,236.0,240.0,16.4,29.0,5216
2000-05-21,229.0,226.0,232.0,16.7,29.0,5216
2000-05-22,220.0,218.0,222.0,16.05,29.0,5216
2000-05-23,215.0,214.0,215.0,15.55,29.0,5216
2000-05-24,211.0,210.0,212.0,15.8,29.0,5216
2000-05-25,208.0,207.0,209.0,16.3,29.0,5216
2000-05-26,204.0,203.0,205.0,17.8,29.0,5216
2000-05-27,202.0,201.0,202.0,17.95,29.0,5216
2000-05-28,201.0,200.0,202.0,18.0,29.0,5216
2000-05-29,205.0,205.0,205.0,18.4,29.31,5216
2000-05-30,206.0,205.0,207.0,18.9,31.0,5216
2000-05-31,210.0,209.0,210.0,19.6,31.0,5216
2000-06-01,211.0,210.0,211.0,19.8,31.0,5216
2000-06-02,214.0,212.0,215.0,20.7,31.0,5216
2000-06-03,216.0,215.0,217.0,20.8,31.0,5216
2000-06-04,222.0,220.0,223.0,20.65,31.0,5216
2000-06-05,225.0,225.0,225.0,19.65,31.0,5216
2000-06-06,221.0,219.0,223.0,19.1,31.0,5216
2000-06-07,214.0,212.0,216.0,17.65,31.0,5216
2000-06-08,209.0,208.0,210.0,16.3,31.0,5216
2000-06-09,204.0,203.0,205.0,16.7,31.0,5216
2000-06-10,200.0,198.0,201.0,17.95,31.0,5216
2000-06-11,196.0,195.0,196.0,19.4,31.0,5216
2000-06-12,193.0,192.0,193.0,21.25,31.0,5216
2000-06-13,190.0,189.0,190.0,22.0,31.0,5216
2000-06-14,188.0,188.0,188.0,22.5,31.0,5216
2000-06-15,188.0,187.0,188.0,22.35,31.0,5216
2000-06-16,186.0,185.0,187.0,22.45,31.0,5216
2000-06-17,185.0,184.0,185.0,22.8,31.0,5216
2000-06-18,183.0,182.0,183.0,21.95,31.0,5216
2000-06-19,181.0,180.0,181.0,22.5,31.0,5216
2000-06-20,180.0,179.0,180.0,22.1,31.0,5216
2000-06-21,178.0,178.0,178.0,23.3,31.0,5216
2000-06-22,177.0,176.0,177.0,23.35,31.0,5216
2000-06-23,175.0,175.0,175.0,22.7,31.0,5216
2000-06-24,174.0,174.0,174.0,23.1,31.0,5216
2000-06-25,173.0,173.0,173.0,21.5,31.0,5216
2000-06-26,172.0,171.0,172.0,22.3,31.0,5216
2000-06-27,171.0,171.0,171.0,22.5,31.0,5216
2000-06-28,170.0,169.0,170.0,23.05,31.0,5216
2000-06-29,169.0,168.0,169.0,23.0,31.0,5216
2000-06-30,168.0,168.0,168.0,22.35,31.0,5216
2000-07-01,167.0,167.0,167.0,21.85,31.0,5216
2000-07-02,167.0,166.0,167.0,23.0,31.0,5216
2000-07-03,166.0,165.0,166.0,24.6,31.0,5216
2000-07-04,165.0,165.0,165.0,24.35,31.0,5216
2000-07-05,166.0,165.0,166.0,23.7,31.0,5216
2000-07-06,166.0,166.0,166.0,23.3,31.0,5216
2000-07-07,166.0,166.0,166.0,24.05,31.0,5216
2000-07-08,166.0,166.0,166.0,25.0,31.0,5216
2000-07-09,166.0,165.0,166.0,25.2,31.0,5216
2000-07-10,165.0,165.0,165.0,25.3,31.0,5216
2000-07-11,165.0,164.0,165.0,24.45,31.0,5216
2000-07-12,165.0,165.0,165.0,24.35,31.0,5216
2000-07-13,166.0,166.0,166.0,25.1,31.0,5216
2000-07-14,166.0,165.0,166.0,25.55,31.0,5216
2000-07-15,164.0,163.0,165.0,26.65,31.0,5216
2000-07-16,163.0,163.0,163.0,26.45,31.0,5216
2000-07-17,165.0,163.0,167.0,25.4,31.0,5216
2000-07-18,169.0,167.0,170.0,23.7,31.0,5216
2000-07-19,171.0,171.0,171.0,22.1,31.0,5216
2000-07-20,171.0,171.0,171.0,20.75,31.0,5216
2000-07-21,172.0,171.0,173.0,21.03,31.0,5216
2000-07-22,174.0,173.0,175.0,22.4,31.0,5216
2000-07-23,177.0,176.0,177.0,23.1,31.0,5216
2000-07-24,179.0,177.0,180.0,23.25,31.0,5216
2000-07-25,182.0,181.0,183.0,23.2,31.0,5216
2000-07-26,183.0,183.0,183.0,23.45,31.0,5216
2000-07-27,184.0,183.0,184.0,23.05,31.0,5216
2000-07-28,186.0,184.0,187.0,22.85,31.0,5216
2000-07-29,190.0,189.0,190.0,23.7,31.0,5216
2000-07-30,195.0,193.0,196.0,22.25,31.0,5216
2000-07-31,199.0,198.0,203.0,20.55,31.0,5216
2000-08-01,210.0,203.0,212.0,21.8,31.0,5216
2000-08-02,220.0,218.0,221.0,22.65,31.0,5216
2000-08-03,227.0,225.0,229.0,23.25,31.0,5216
2000-08-04,234.0,232.0,236.0,23.6,31.0,5216
2000-08-05,249.0,248.0,253.0,24.15,31.0,5216
2000-08-06,269.0,258.0,286.0,23.7,31.0,5216
2000-08-07,302.0,292.0,314.0,24.35,32.0,5216
2000-08-08,316.0,315.0,317.0,24.8,32.0,5216
2000-08-09,315.0,313.0,316.0,24.05,32.0,5216
2000-08-10,308.0,307.0,309.0,23.1,32.0,5216
2000-08-11,300.0,297.0,303.0,23.6,32.0,5216
2000-08-12,289.0,285.0,292.0,24.05,32.0,5216
2000-08-13,277.0,274.0,279.0,24.55,32.0,5216
2000-08-14,267.0,264.0,269.0,23.1,32.0,5216
2000-08-15,257.0,254.0,259.0,22.95,32.0,5216
2000-08-16,247.0,244.0,249.0,24.05,32.0,5216
2000-08-17,237.0,235.0,239.0,24.55,32.0,5216
2000-08-18,229.0,227.0,230.0,24.8,32.0,5216
2000-08-19,223.0,222.0,224.0,23.25,32.0,5216
2000-08-20,220.0,219.0,220.0,22.75,32.0,5216
2000-08-21,224.0,219.0,229.0,20.7,32.0,5216
2000-08-22,234.0,231.0,236.0,21.3,32.0,5216
2000-08-23,241.0,239.0,242.0,22.1,32.0,5216
2000-08-24,249.0,246.0,251.0,22.45,32.0,5216
2000-08-25,261.0,258.0,263.0,22.4,32.0,5216
2000-08-26,268.0,266.0,269.0,23.1,32.0,5216
2000-08-27,274.0,272.0,275.0,23.5,32.0,5216
2000-08-28,284.0,281.0,287.0,23.85,32.0,5216
2000-08-29,300.0,296.0,303.0,23.25,32.0,5216
2000-08-30,309.0,308.0,310.0,22.95,32.0,5216
2000-08-31,309.0,307.0,310.0,23.5,32.0,5216
2000-09-01,312.0,306.0,324.0,22.45,32.0,5216
2000-09-02,359.0,329.0,428.0,22.75,32.0,5216
2000-09-03,415.0,407.0,423.0,23.65,32.0,5216
2000-09-04,396.0,392.0,399.0,23.55,32.0,5216
2000-09-05,383.0,380.0,385.0,21.3,32.0,5216
2000-09-06,374.0,373.0,375.0,18.05,32.0,5216
2000-09-07,365.0,363.0,367.0,16.1,32.0,5216
2000-09-08,358.0,356.0,359.0,18.95,32.0,5216
2000-09-09,351.0,349.0,352.0,18.65,32.0,5216
2000-09-10,345.0,344.0,346.0,18.55,32.0,5216
2000-09-11,341.0,340.0,342.0,18.85,32.0,5216
2000-09-12,339.0,338.0,339.0,18.55,32.0,5216
2000-09-13,336.0,334.0,337.0,18.45,32.0,5216
2000-09-14,327.0,325.0,329.0,17.9,32.0,5216
2000-09-15,320.0,317.0,322.0,17.3,32.0,5216
2000-09-16,316.0,315.0,317.0,17.2,32.0,5216
2000-09-17,322.0,320.0,328.0,15.7,32.0,5216
2000-09-18,359.0,338.0,383.0,15.4,32.0,5216
2000-09-19,393.0,393.0,393.0,16.1,32.0,5216
2000-09-20,385.0,382.0,387.0,17.45,32.0,5216
2000-09-21,374.0,371.0,376.0,18.05,32.0,5216
2000-09-22,364.0,362.0,366.0,17.95,32.0,5216
2000-09-23,353.0,351.0,355.0,18.1,32.0,5216
2000-09-24,346.0,343.0,348.0,17.7,32.0,5216
2000-09-25,338.0,336.0,339.0,17.85,32.0,5216
2000-09-26,330.0,328.0,332.0,16.7,32.0,5216
2000-09-27,322.0,320.0,324.0,16.25,32.0,5216
2000-09-28,314.0,312.0,316.0,15.85,32.0,5216
2000-09-29,306.0,303.0,308.0,16.0,32.0,5216
2000-09-30,298.0,295.0,299.0,16.1,32.0,5216
2000-10-01,291.0,289.0,292.0,15.6,32.0,5216
2000-10-02,289.0,285.0,293.0,15.4,32.0,5216
2000-10-03,285.0,284.0,285.0,14.1,32.0,5216
2000-10-04,280.0,279.0,281.0,12.45,32.0,5216
2000-10-05,278.0,277.0,278.0,12.45,32.0,5216
2000-10-06,279.0,277.0,281.0,11.65,32.0,5216
2000-10-07,325.0,289.0,342.0,11.5,29.0,5216
2000-10-08,340.0,339.0,341.0,11.55,29.0,5216
2000-10-09,334.0,332.0,336.0,12.5,29.0,5216
2000-10-10,325.0,322.0,327.0,11.25,29.0,5216
2000-10-11,315.0,313.0,317.0,10.8,29.0,5216
2000-10-12,305.0,303.0,307.0,9.0,29.0,5216
2000-10-13,297.0,295.0,299.0,7.1,29.0,5216
2000-10-14,290.0,288.0,291.0,7.0,29.0,5216
2000-10-15,285.0,283.0,286.0,7.1,29.0,5216
2000-10-16,279.0,277.0,280.0,5.5,29.0,5216
2000-10-17,271.0,269.0,273.0,6.35,29.0,5216
2000-10-18,263.0,261.0,265.0,4.6,29.0,5216
2000-10-19,256.0,254.0,257.0,5.45,29.0,5216
2000-10-20,249.0,247.0,250.0,7.45,29.0,5216
2000-10-21,243.0,241.0,244.0,6.0,29.0,5216
2000-10-22,237.0,236.0,238.0,5.4,29.0,5216
2000-10-23,233.0,232.0,233.0,5.55,29.0,5216
2000-10-24,230.0,229.0,230.0,6.5,29.0,5216
2000-10-25,228.0,227.0,228.0,7.4,29.0,5216
2000-10-26,226.0,225.0,227.0,5.0,29.0,5216
2000-10-27,224.0,223.0,224.0,4.1,29.0,5216
2000-10-28,223.0,222.0,223.0,3.4,29.0,5216
2000-10-29,221.0,221.0,221.0,2.9,29.0,5216
2000-10-30,220.0,219.0,220.0,2.65,29.0,5216
2000-10-31,218.0,217.0,218.0,2.95,29.0,5216
2000-11-01,217.0,216.0,217.0,3.5,29.0,5216
2000-11-02,215.0,214.0,215.0,3.25,29.0,5216
2000-11-03,213.0,213.0,213.0,3.75,29.0,5216
2000-11-04,213.0,213.0,213.0,3.75,29.0,5216
2000-11-05,213.0,213.0,213.0,3.35,29.0,5216
2000-11-06,213.0,212.0,213.0,3.25,29.0,5216
2000-11-07,211.0,210.0,211.0,3.15,2.29,5216
2000-11-08,210.0,209.0,210.0,1.65,2.0,5216
2000-11-09,209.0,209.0,209.0,0.7,2.0,5216
2000-11-10,208.0,208.0,208.0,0.1,15.0,5216
2000-11-11,207.0,207.0,207.0,0.0,15.0,5216
2000-11-12,206.0,206.0,206.0,0.0,15.0,5216
2000-11-13,205.0,204.0,205.0,0.0,15.0,5216
2000-11-14,203.0,202.0,203.0,0.0,15.0,5216
2000-11-15,200.0,199.0,201.0,0.0,15.0,5216
2000-11-16,198.0,197.0,198.0,0.0,15.0,5216
2000-11-17,196.0,195.0,196.0,0.0,15.0,5216
2000-11-18,193.0,192.0,194.0,0.0,15.0,5216
2000-11-19,190.0,189.0,190.0,0.0,15.0,5216
2000-11-20,188.0,187.0,188.0,0.0,16.0,5216
2000-11-21,186.0,186.0,186.0,0.0,16.0,5216
2000-11-22,186.0,186.0,186.0,0.0,16.0,5216
2000-11-23,186.0,186.0,186.0,0.0,16.0,5216
2000-11-24,186.0,186.0,186.0,0.0,16.0,5216
2000-11-25,185.0,185.0,185.0,0.0,16.0,5216
2000-11-26,185.0,185.0,185.0,0.0,16.0,5216
2000-11-27,185.0,185.0,185.0,0.0,16.0,5216
2000-11-28,185.0,185.0,185.0,0.0,16.0,5216
2000-11-29,184.0,184.0,184.0,0.0,16.0,5216
2000-11-30,184.0,184.0,184.0,0.0,16.0,5216
2000-12-01,184.0,184.0,184.0,,16.0,5216
2000-12-02,184.0,184.0,184.0,,16.0,5216
2000-12-03,183.0,183.0,183.0,,16.0,5216
2000-12-04,183.0,183.0,183.0,,16.0,5216
2000-12-05,183.0,183.0,183.0,,16.0,5216
2000-12-06,183.0,183.0,183.0,,16.0,5216
2000-12-07,182.0,182.0,182.0,,16.0,5216
2000-12-08,182.0,182.0,182.0,,16.0,5216
2000-12-09,182.0,182.0,182.0,,16.0,5216
2000-12-10,182.0,182.0,182.0,,16.0,5216
2000-12-11,182.0,182.0,182.0,,16.0,5216
2000-12-12,181.0,181.0,181.0,,16.0,5216
2000-12-13,181.0,181.0,181.0,,16.0,5216
2000-12-14,180.0,180.0,180.0,,16.0,5216
2000-12-15,179.0,179.0,179.0,,16.0,5216
2000-12-16,179.0,179.0,179.0,,16.0,5216
2000-12-17,179.0,179.0,179.0,,16.0,5216
2000-12-18,178.0,178.0,178.0,,16.0,5216
2000-12-19,178.0,178.0,178.0,,16.0,5216
2000-12-20,177.0,177.0,177.0,,16.0,5216
2000-12-21,177.0,177.0,177.0,,16.0,5216
2000-12-22,176.0,176.0,176.0,,16.0,5216
2000-12-23,176.0,176.0,176.0,,16.0,5216
2000-12-24,176.0,176.0,176.0,,16.0,5216
2000-12-25,175.0,175.0,175.0,,16.0,5216
2000-12-26,175.0,175.0,175.0,,16.0,5216
2000-12-27,175.0,175.0,175.0,,16.0,5216
2000-12-28,174.0,174.0,174.0,,16.0,5216
2000-12-29,174.0,174.0,174.0,,16.0,5216
2000-12-30,174.0,174.0,174.0,,16.0,5216
2000-12-31,173.0,173.0,173.0,,16.0,5216
2001-01-01,173.0,173.0,173.0,,16.0,5216
2001-01-02,173.0,173.0,173.0,,16.0,5216
2001-01-03,173.0,173.0,173.0,,16.0,5216
2001-01-04,172.0,172.0,172.0,,16.0,5216
2001-01-05,172.0,172.0,172.0,,16.0,5216
2001-01-06,172.0,172.0,172.0,,16.0,5216
2001-01-07,172.0,172.0,172.0,,16.0,5216
2001-01-08,172.0,172.0,172.0,,16.0,5216
2001-01-09,172.0,172.0,172.0,,16.0,5216
2001-01-10,172.0,172.0,172.0,,16.0,5216
2001-01-11,172.0,172.0,172.0,,16.0,5216
2001-01-12,172.0,172.0,172.0,,16.0,5216
2001-01-13,172.0,172.0,172.0,,16.0,5216
2001-01-14,172.0,172.0,172.0,,16.0,5216
2001-01-15,172.0,172.0,172.0,,16.0,5216
2001-01-16,171.0,171.0,171.0,,16.0,5216
2001-01-17,171.0,171.0,171.0,,16.0,5216
2001-01-18,171.0,171.0,171.0,,16.0,5216
2001-01-19,171.0,171.0,171.0,,16.0,5216
2001-01-20,171.0,171.0,171.0,,16.0,5216
2001-01-21,171.0,171.0,171.0,,16.0,5216
2001-01-22,171.0,171.0,171.0,,16.0,5216
2001-01-23,171.0,171.0,171.0,,16.0,5216
2001-01-24,171.0,171.0,171.0,,16.0,5216
2001-01-25,171.0,171.0,171.0,,16.0,5216
2001-01-26,171.0,171.0,171.0,,16.0,5216
2001-01-27,171.0,171.0,171.0,,16.0,5216
2001-01-28,170.0,170.0,170.0,,16.0,5216
2001-01-29,170.0,170.0,170.0,,16.0,5216
2001-01-30,170.0,170.0,170.0,,16.0,5216
2001-01-31,170.0,170.0,170.0,,16.0,5216
2001-02-01,170.0,170.0,170.0,,16.0,5216
2001-02-02,170.0,170.0,170.0,,16.0,5216
2001-02-03,171.0,171.0,171.0,,16.0,5216
2001-02-04,171.0,171.0,171.0,,16.0,5216
2001-02-05,171.0,171.0,171.0,,16.0,5216
2001-02-06,172.0,172.0,172.0,,16.0,5216
2001-02-07,172.0,172.0,172.0,,16.0,5216
2001-02-08,173.0,173.0,173.0,,16.0,5216
2001-02-09,173.0,173.0,173.0,,16.0,5216
2001-02-10,174.0,174.0,174.0,,16.0,5216
2001-02-11,174.0,174.0,174.0,,16.0,5216
2001-02-12,174.0,174.0,174.0,,16.0,5216
2001-02-13,175.0,175.0,175.0,,16.0,5216
2001-02-14,175.0,175.0,175.0,,16.0,5216
2001-02-15,175.0,175.0,175.0,,16.0,5216
2001-02-16,175.0,175.0,175.0,,16.0,5216
2001-02-17,175.0,175.0,175.0,,16.0,5216
2001-02-18,175.0,175.0,175.0,,16.0,5216
2001-02-19,175.0,175.0,175.0,,16.0,5216
2001-02-20,175.0,175.0,175.0,,16.0,5216
2001-02-21,175.0,175.0,175.0,,16.0,5216
2001-02-22,175.0,175.0,175.0,,16.0,5216
2001-02-23,175.0,175.0,175.0,,16.0,5216
2001-02-24,175.0,175.0,175.0,,16.0,5216
2001-02-25,175.0,175.0,175.0,,16.0,5216
2001-02-26,175.0,175.0,175.0,,16.0,5216
2001-02-27,175.0,175.0,175.0,,16.0,5216
2001-02-28,175.0,175.0,175.0,,16.0,5216
2001-03-01,176.0,175.0,176.0,0.0,16.0,5216
2001-03-02,176.0,176.0,176.0,0.0,16.0,5216
2001-03-03,176.0,176.0,176.0,0.0,16.0,5216
2001-03-04,176.0,176.0,176.0,0.0,16.0,5216
2001-03-05,176.0,176.0,176.0,0.0,16.0,5216
2001-03-06,176.0,176.0,176.0,0.0,16.0,5216
2001-03-07,177.0,176.0,177.0,0.0,16.0,5216
2001-03-08,178.0,177.0,178.0,0.0,16.0,5216
2001-03-09,179.0,178.0,179.0,0.0,16.0,5216
2001-03-10,180.0,179.0,180.0,0.0,16.0,5216
2001-03-11,182.0,182.0,182.0,0.0,16.0,5216
2001-03-12,182.0,182.0,182.0,0.0,16.0,5216
2001-03-13,183.0,182.0,184.0,0.0,16.0,5216
2001-03-14,186.0,186.0,186.0,0.0,16.0,5216
2001-03-15,187.0,187.0,187.0,0.0,16.0,5216
2001-03-16,187.0,187.0,187.0,0.35,16.0,5216
2001-03-17,187.0,187.0,187.0,0.25,16.0,5216
2001-03-18,188.0,187.0,188.0,0.15,16.0,5216
2001-03-19,189.0,188.0,189.0,0.2,16.0,5216
2001-03-20,193.0,191.0,195.0,0.3,16.0,5216
2001-03-21,201.0,198.0,204.0,0.15,16.0,5216
2001-03-22,252.0,231.0,273.0,0.25,23.16,5216
2001-03-23,352.0,348.0,356.0,0.25,26.25,5216
2001-03-24,362.0,359.0,364.0,0.15,26.25,5216
2001-03-25,359.0,358.0,359.0,0.1,26.16,5216
2001-03-26,353.0,350.0,356.0,0.0,26.16,5216
2001-03-27,342.0,339.0,345.0,0.1,26.16,5216
2001-03-28,330.0,327.0,333.0,0.0,26.16,5216
2001-03-29,318.0,315.0,321.0,0.2,26.16,5216
2001-03-30,308.0,307.0,309.0,0.25,26.16,5216
2001-03-31,305.0,305.0,305.0,0.45,26.16,5216
2001-04-01,310.0,306.0,314.0,0.8,26.16,5216
2001-04-02,324.0,319.0,331.0,1.85,29.0,5216
2001-04-03,334.0,333.0,334.0,3.4,29.0,5216
2001-04-04,330.0,329.0,331.0,4.25,29.0,5216
2001-04-05,329.0,329.0,329.0,5.75,29.0,5216
2001-04-06,325.0,323.0,327.0,5.45,29.0,5216
2001-04-07,315.0,311.0,319.0,5.3,29.0,5216
2001-04-08,305.0,302.0,307.0,5.55,29.0,5216
2001-04-09,297.0,295.0,299.0,6.5,29.0,5216
2001-04-10,285.0,280.0,290.0,6.45,29.0,5216
2001-04-11,277.0,274.0,279.0,6.75,29.0,5216
2001-04-12,268.0,266.0,269.0,6.25,29.0,5216
2001-04-13,264.0,263.0,264.0,5.9,29.0,5216
2001-04-14,262.0,262.0,262.0,7.7,29.0,5216
2001-04-15,262.0,262.0,262.0,10.0,29.0,5216
2001-04-16,262.0,261.0,262.0,9.5,29.0,5216
2001-04-17,262.0,262.0,262.0,9.4,29.0,5216
2001-04-18,261.0,260.0,262.0,9.4,29.0,5216
2001-04-19,260.0,259.0,260.0,8.5,29.0,5216
2001-04-20,259.0,259.0,259.0,8.6,29.0,5216
2001-04-21,258.0,257.0,259.0,7.05,29.0,5216
2001-04-22,254.0,253.0,255.0,6.7,29.0,5216
2001-04-23,250.0,249.0,251.0,8.5,29.0,5216
2001-04-24,246.0,245.0,247.0,9.2,29.0,5216
2001-04-25,242.0,241.0,243.0,9.5,29.0,5216
2001-04-26,240.0,240.0,240.0,10.25,29.0,5216
2001-04-27,238.0,237.0,239.0,12.45,29.0,5216
2001-04-28,235.0,234.0,236.0,12.5,29.0,5216
2001-04-29,232.0,231.0,233.0,12.8,29.0,5216
2001-04-30,229.0,227.0,229.0,13.6,29.0,5216
2001-05-01,226.0,225.0,227.0,10.85,29.0,5216
2001-05-02,222.0,221.0,223.0,10.55,29.0,5216
2001-05-03,218.0,217.0,219.0,10.65,29.0,5216
2001-05-04,216.0,215.0,216.0,8.9,29.0,5216
2001-05-05,213.0,212.0,213.0,7.75,29.0,5216
2001-05-06,211.0,210.0,211.0,9.4,29.0,5216
2001-05-07,209.0,208.0,209.0,12.3,29.0,5216
2001-05-08,207.0,206.0,207.0,13.5,29.0,5216
2001-05-09,205.0,205.0,205.0,13.6,29.0,5216
2001-05-10,208.0,207.0,209.0,11.85,29.0,5216
2001-05-11,211.0,210.0,212.0,13.2,29.0,5216
2001-05-12,215.0,214.0,216.0,15.6,29.0,5216
2001-05-13,219.0,217.0,221.0,16.8,29.0,5216
2001-05-14,226.0,223.0,228.0,17.2,29.0,5216
2001-05-15,233.0,231.0,235.0,17.7,29.0,5216
2001-05-16,241.0,240.0,242.0,15.85,29.0,5216
2001-05-17,242.0,241.0,243.0,15.7,29.0,5216
2001-05-18,238.0,237.0,239.0,15.6,29.0,5216
2001-05-19,234.0,233.0,235.0,16.35,29.0,5216
2001-05-20,234.0,233.0,234.0,16.05,29.0,5216
2001-05-21,239.0,237.0,240.0,16.25,29.0,5216
2001-05-22,244.0,243.0,244.0,15.6,29.0,5216
2001-05-23,245.0,244.0,245.0,17.1,29.0,5216
2001-05-24,241.0,240.0,242.0,17.75,29.0,5216
2001-05-25,236.0,234.0,237.0,16.1,29.0,5216
2001-05-26,232.0,230.0,233.0,15.15,29.0,5216
2001-05-27,226.0,225.0,227.0,16.55,29.0,5216
2001-05-28,221.0,219.0,222.0,17.0,29.0,5216
2001-05-29,215.0,214.0,216.0,16.65,29.0,5216
2001-05-30,212.0,211.0,213.0,15.9,29.0,5216
2001-05-31,211.0,210.0,211.0,15.4,29.0,5216
2001-06-01,215.0,213.0,216.0,15.45,29.0,5216
2001-06-02,220.0,218.0,222.0,16.6,29.0,5216
2001-06-03,230.0,228.0,231.0,19.35,29.0,5216
2001-06-04,235.0,234.0,236.0,19.9,29.0,5216
2001-06-05,238.0,238.0,238.0,20.1,29.0,5216
2001-06-06,238.0,238.0,238.0,20.0,29.0,5216
2001-06-07,237.0,236.0,237.0,20.2,29.0,5216
2001-06-08,235.0,235.0,235.0,18.55,29.0,5216
2001-06-09,235.0,235.0,235.0,16.7,29.0,5216
2001-06-10,233.0,231.0,235.0,17.0,29.0,5216
2001-06-11,224.0,221.0,226.0,18.45,29.0,5216
2001-06-12,214.0,212.0,215.0,20.4,29.0,5216
2001-06-13,211.0,210.0,211.0,18.5,29.0,5216
2001-06-14,206.0,205.0,206.0,17.8,29.0,5216
2001-06-15,203.0,202.0,203.0,18.25,29.0,5216
2001-06-16,201.0,200.0,201.0,19.65,29.0,5216
2001-06-17,199.0,198.0,200.0,20.6,29.0,5216
2001-06-18,198.0,198.0,198.0,20.35,29.0,5216
2001-06-19,199.0,198.0,200.0,20.85,29.0,5216
2001-06-20,202.0,201.0,202.0,19.3,29.0,5216
2001-06-21,202.0,201.0,202.0,17.8,29.0,5216
2001-06-22,200.0,198.0,201.0,18.25,29.0,5216
2001-06-23,197.0,196.0,198.0,19.45,29.0,5216
2001-06-24,194.0,193.0,195.0,21.55,29.0,5216
2001-06-25,191.0,190.0,191.0,23.3,29.0,5216
2001-06-26,189.0,188.0,189.0,24.5,29.0,5216
2001-06-27,187.0,186.0,187.0,24.7,29.0,5216
2001-06-28,185.0,185.0,185.0,24.3,29.0,5216
2001-06-29,185.0,184.0,185.0,24.5,29.0,5216
2001-06-30,183.0,182.0,183.0,23.1,29.0,5216
2001-07-01,183.0,183.0,183.0,21.5,29.0,5216
2001-07-02,184.0,184.0,184.0,19.35,29.0,5216
2001-07-03,185.0,184.0,186.0,21.6,29.0,5216
2001-07-04,184.0,184.0,184.0,23.2,29.0,5216
2001-07-05,190.0,188.0,191.0,22.2,29.0,5216
2001-07-06,193.0,193.0,193.0,23.4,29.0,5216
2001-07-07,199.0,194.0,203.0,24.7,29.0,5216
2001-07-08,214.0,210.0,217.0,24.5,29.0,5216
2001-07-09,231.0,225.0,236.0,22.05,29.0,5216
2001-07-10,248.0,245.0,250.0,21.75,29.0,5216
2001-07-11,254.0,252.0,255.0,22.5,29.0,5216
2001-07-12,256.0,255.0,257.0,23.55,29.0,5216
2001-07-13,255.0,254.0,255.0,23.6,29.0,5216
2001-07-14,251.0,250.0,252.0,24.05,29.0,5216
2001-07-15,245.0,242.0,247.0,23.8,29.0,5216
2001-07-16,237.0,235.0,239.0,23.8,29.0,5216
2001-07-17,230.0,229.0,231.0,24.35,29.0,5216
2001-07-18,230.0,229.0,230.0,23.5,29.0,5216
2001-07-19,232.0,231.0,233.0,22.9,29.0,5216
2001-07-20,233.0,232.0,233.0,21.9,29.0,5216
2001-07-21,232.0,232.0,232.0,23.0,29.0,5216
2001-07-22,233.0,231.0,235.0,23.65,29.0,5216
2001-07-23,235.0,234.0,235.0,23.3,29.0,5216
2001-07-24,230.0,228.0,232.0,23.95,29.0,5216
2001-07-25,225.0,223.0,227.0,25.75,29.0,5216
2001-07-26,218.0,216.0,220.0,24.9,29.0,5216
2001-07-27,212.0,211.0,213.0,22.4,29.0,5216
2001-07-28,210.0,209.0,210.0,23.05,29.0,5216
2001-07-29,212.0,212.0,212.0,21.8,29.0,5216
2001-07-30,215.0,214.0,216.0,22.4,29.0,5216
2001-07-31,219.0,217.0,221.0,21.85,29.0,5216
2001-08-01,232.0,228.0,238.0,22.8,29.0,5216
2001-08-02,246.0,240.0,258.0,20.0,29.0,5216
2001-08-03,274.0,263.0,291.0,20.6,29.0,5216
2001-08-04,318.0,299.0,341.0,21.9,29.0,5216
2001-08-05,351.0,349.0,352.0,22.2,29.0,5216
2001-08-06,355.0,353.0,356.0,22.15,29.0,5216
2001-08-07,358.0,357.0,358.0,22.7,29.0,5216
2001-08-08,361.0,360.0,361.0,22.3,29.0,5216
2001-08-09,361.0,360.0,361.0,21.45,29.0,5216
2001-08-10,360.0,358.0,361.0,22.05,29.0,5216
2001-08-11,356.0,356.0,356.0,23.4,29.0,5216
2001-08-12,356.0,355.0,356.0,24.2,29.0,5216
2001-08-13,352.0,351.0,353.0,24.4,29.0,5216
2001-08-14,348.0,346.0,349.0,22.7,29.0,5216
2001-08-15,340.0,338.0,342.0,23.6,29.0,5216
2001-08-16,331.0,327.0,334.0,24.7,29.0,5216
2001-08-17,318.0,315.0,321.0,25.35,29.0,5216
2001-08-18,303.0,297.0,307.0,24.25,29.0,5216
2001-08-19,296.0,292.0,307.0,22.85,29.0,5216
2001-08-20,325.0,315.0,333.0,22.55,29.0,5216
2001-08-21,334.0,333.0,335.0,22.95,29.0,5216
2001-08-22,326.0,322.0,329.0,23.5,29.0,5216
2001-08-23,311.0,307.0,315.0,23.45,29.0,5216
2001-08-24,294.0,290.0,298.0,22.7,29.0,5216
2001-08-25,279.0,275.0,282.0,22.8,29.0,5216
2001-08-26,266.0,262.0,270.0,21.9,29.0,5216
2001-08-27,253.0,249.0,256.0,21.0,29.0,5216
2001-08-28,239.0,235.0,243.0,21.0,29.0,5216
2001-08-29,227.0,225.0,229.0,20.2,29.0,5216
2001-08-30,220.0,218.0,221.0,20.4,29.0,5216
2001-08-31,214.0,213.0,215.0,21.0,29.0,5216
2001-09-01,209.0,208.0,213.0,20.7,29.0,5216
2001-09-02,206.0,204.0,207.0,20.1,29.0,5216
2001-09-03,202.0,200.0,203.0,20.15,29.0,5216
2001-09-04,197.0,196.0,198.0,21.3,29.0,5216
2001-09-05,194.0,193.0,195.0,20.5,29.0,5216
2001-09-06,191.0,190.0,191.0,20.65,29.0,5216
2001-09-07,190.0,189.0,190.0,19.95,29.0,5216
2001-09-08,188.0,187.0,188.0,18.8,29.0,5216
2001-09-09,187.0,187.0,187.0,18.2,29.0,5216
2001-09-10,185.0,184.0,185.0,18.2,29.0,5216
2001-09-11,183.0,183.0,183.0,17.2,29.0,5216
2001-09-12,182.0,182.0,182.0,17.15,29.0,5216
2001-09-13,182.0,181.0,182.0,17.8,29.0,5216
2001-09-14,181.0,181.0,181.0,19.3,29.0,5216
2001-09-15,180.0,180.0,180.0,19.1,29.0,5216
2001-09-16,179.0,178.0,179.0,18.2,29.0,5216
2001-09-17,177.0,177.0,177.0,17.95,29.0,5216
2001-09-18,177.0,177.0,177.0,15.85,29.0,5216
2001-09-19,176.0,176.0,176.0,14.85,29.0,5216
2001-09-20,176.0,175.0,176.0,13.6,29.0,5216
2001-09-21,175.0,174.0,175.0,11.75,29.0,5216
2001-09-22,174.0,173.0,174.0,11.15,29.0,5216
2001-09-23,173.0,173.0,173.0,12.0,29.0,5216
2001-09-24,173.0,173.0,173.0,13.9,29.0,5216
2001-09-25,173.0,172.0,173.0,13.95,29.0,5216
2001-09-26,172.0,172.0,172.0,14.15,29.0,5216
2001-09-27,172.0,172.0,172.0,14.0,29.0,5216
2001-09-28,172.0,172.0,172.0,11.55,29.0,5216
2001-09-29,172.0,172.0,172.0,12.5,29.0,5216
2001-09-30,172.0,172.0,172.0,12.35,29.0,5216
2001-10-01,172.0,172.0,172.0,12.4,29.0,5216
2001-10-02,172.0,172.0,172.0,13.4,29.0,5216
2001-10-03,172.0,172.0,172.0,13.45,29.0,5216
2001-10-04,174.0,173.0,174.0,12.7,29.0,5216
2001-10-05,180.0,179.0,181.0,12.1,29.0,5216
2001-10-06,186.0,185.0,187.0,10.7,29.0,5216
2001-10-07,192.0,190.0,193.0,10.45,29.0,5216
2001-10-08,196.0,195.0,197.0,10.95,29.0,5216
2001-10-09,204.0,201.0,206.0,12.3,29.0,5216
2001-10-10,213.0,210.0,216.0,11.6,29.0,5216
2001-10-11,231.0,227.0,235.0,11.0,29.0,5216
2001-10-12,247.0,244.0,250.0,11.2,29.0,5216
2001-10-13,257.0,256.0,258.0,10.5,29.0,5216
2001-10-14,260.0,259.0,261.0,10.1,29.0,5216
2001-10-15,266.0,265.0,267.0,9.7,29.0,5216
2001-10-16,269.0,269.0,269.0,10.0,29.0,5216
2001-10-17,269.0,268.0,269.0,7.25,29.0,5216
2001-10-18,265.0,264.0,265.0,6.4,29.0,5216
2001-10-19,261.0,260.0,262.0,5.4,29.0,5216
2001-10-20,254.0,252.0,256.0,5.6,29.0,5216
2001-10-21,244.0,241.0,246.0,8.5,29.0,5216
2001-10-22,230.0,227.0,233.0,9.8,29.0,5216
2001-10-23,220.0,218.0,222.0,9.35,29.0,5216
2001-10-24,212.0,210.0,214.0,8.9,29.0,5216
2001-10-25,208.0,207.0,208.0,6.85,29.0,5216
2001-10-26,207.0,206.0,207.0,6.4,29.0,5216
2001-10-27,204.0,204.0,204.0,5.25,29.0,5216
2001-10-28,204.0,204.0,204.0,5.8,29.0,5216
2001-10-29,203.0,203.0,203.0,3.7,29.0,5216
2001-10-30,202.0,202.0,202.0,3.8,29.0,5216
2001-10-31,201.0,201.0,201.0,5.9,29.0,5216
2001-11-01,200.0,200.0,200.0,4.9,29.0,5216
2001-11-02,198.0,197.0,199.0,3.95,29.0,5216
2001-11-03,195.0,195.0,195.0,1.9,2.29,5216
2001-11-04,195.0,195.0,195.0,1.2,2.0,5216
2001-11-05,195.0,194.0,195.0,1.3,2.0,5216
2001-11-06,194.0,194.0,194.0,1.1,2.0,5216
2001-11-07,193.0,192.0,193.0,1.2,2.0,5216
2001-11-08,192.0,192.0,192.0,0.9,2.0,5216
2001-11-09,191.0,191.0,191.0,1.3,2.0,5216
2001-11-10,191.0,190.0,191.0,0.8,2.0,5216
2001-11-11,188.0,187.0,188.0,1.25,15.0,5216
2001-11-12,187.0,186.0,187.0,1.1,15.0,5216
2001-11-13,185.0,185.0,185.0,1.0,15.0,5216
2001-11-14,185.0,184.0,185.0,0.6,15.0,5216
2001-11-15,184.0,184.0,184.0,0.2,15.0,5216
2001-11-16,184.0,183.0,184.0,0.6,15.0,5216
2001-11-17,182.0,181.0,182.0,0.7,15.0,5216
2001-11-18,180.0,179.0,180.0,0.8,15.0,5216
2001-11-19,178.0,177.0,178.0,0.95,15.0,5216
2001-11-20,176.0,176.0,176.0,0.6,15.0,5216
2001-11-21,174.0,173.0,174.0,0.65,16.0,5216
2001-11-22,170.0,169.0,171.0,0.55,16.0,5216
2001-11-23,167.0,166.0,167.0,0.0,16.0,5216
2001-11-24,165.0,164.0,165.0,0.0,16.0,5216
2001-11-25,173.0,163.0,182.0,0.0,16.0,5216
2001-11-26,181.0,180.0,181.0,0.0,16.0,5216
2001-11-27,179.0,178.0,179.0,0.0,16.0,5216
2001-11-28,177.0,176.0,177.0,0.0,16.0,5216
2001-11-29,175.0,175.0,175.0,0.0,16.0,5216
2001-11-30,174.0,174.0,174.0,0.0,16.0,5216
2001-12-01,173.0,173.0,173.0,,16.0,5216
2001-12-02,172.0,172.0,172.0,,16.0,5216
2001-12-03,171.0,171.0,171.0,,16.0,5216
2001-12-04,170.0,170.0,170.0,,16.0,5216
2001-12-05,169.0,169.0,169.0,,16.0,5216
2001-12-06,168.0,168.0,168.0,,16.0,5216
2001-12-07,167.0,167.0,167.0,,16.0,5216
2001-12-08,167.0,167.0,167.0,,16.0,5216
2001-12-09,166.0,166.0,166.0,,16.0,5216
2001-12-10,166.0,166.0,166.0,,16.0,5216
2001-12-11,165.0,165.0,165.0,,16.0,5216
2001-12-12,165.0,165.0,165.0,,16.0,5216
2001-12-13,164.0,164.0,164.0,,16.0,5216
2001-12-14,164.0,164.0,164.0,,16.0,5216
2001-12-15,164.0,164.0,164.0,,16.0,5216
2001-12-16,164.0,164.0,164.0,,16.0,5216
2001-12-17,164.0,164.0,164.0,,16.0,5216
2001-12-18,164.0,164.0,164.0,,16.0,5216
2001-12-19,164.0,164.0,164.0,,16.0,5216
2001-12-20,164.0,164.0,164.0,,16.0,5216
2001-12-21,164.0,164.0,164.0,,16.0,5216
2001-12-22,164.0,164.0,164.0,,16.0,5216
2001-12-23,164.0,164.0,164.0,,16.0,5216
2001-12-24,164.0,164.0,164.0,,16.0,5216
2001-12-25,164.0,164.0,164.0,,16.0,5216
2001-12-26,164.0,164.0,164.0,,16.0,5216
2001-12-27,164.0,164.0,164.0,,16.0,5216
2001-12-28,164.0,164.0,164.0,,16.0,5216
2001-12-29,164.0,164.0,164.0,,16.0,5216
2001-12-30,164.0,164.0,164.0,,16.0,5216
2001-12-31,164.0,164.0,164.0,,16.0,5216
2002-01-01,166.0,166.0,166.0,,16.35,5216
2002-01-02,168.0,168.0,168.0,,16.35,5216
2002-01-03,171.0,171.0,171.0,,16.35,5216
2002-01-04,175.0,175.0,175.0,,16.35,5216
2002-01-05,173.0,173.0,173.0,,16.6,5216
2002-01-06,171.0,171.0,171.0,,16.0,5216
2002-01-07,170.0,170.0,170.0,,16.0,5216
2002-01-08,169.0,169.0,169.0,,16.0,5216
2002-01-09,168.0,168.0,168.0,,16.0,5216
2002-01-10,166.0,166.0,166.0,,16.0,5216
2002-01-11,166.0,166.0,166.0,,16.0,5216
2002-01-12,165.0,165.0,165.0,,16.0,5216
2002-01-13,164.0,164.0,164.0,,16.0,5216
2002-01-14,163.0,163.0,163.0,,16.0,5216
2002-01-15,162.0,162.0,162.0,,16.0,5216
2002-01-16,161.0,161.0,161.0,,16.33,5216
2002-01-17,164.0,164.0,164.0,,16.33,5216
2002-01-18,168.0,168.0,168.0,,16.33,5216
2002-01-19,171.0,171.0,171.0,,16.33,5216
2002-01-20,175.0,175.0,175.0,,16.33,5216
2002-01-21,180.0,180.0,180.0,,33.0,5216
2002-01-22,184.0,184.0,184.0,,33.0,5216
2002-01-23,191.0,191.0,191.0,,33.0,5216
2002-01-24,198.0,198.0,198.0,,17.33,5216
2002-01-25,193.0,193.0,193.0,,17.33,5216
2002-01-26,188.0,188.0,188.0,,,5216
2002-01-27,184.0,184.0,184.0,,16.33,5216
2002-01-28,181.0,181.0,181.0,,16.33,5216
2002-01-29,179.0,179.0,179.0,,16.33,5216
2002-01-30,177.0,177.0,177.0,,16.33,5216
2002-01-31,175.0,175.0,175.0,,16.33,5216
2002-02-01,174.0,174.0,174.0,,16.33,5216
2002-02-02,174.0,174.0,174.0,,16.33,5216
2002-02-03,173.0,173.0,173.0,,16.33,5216
2002-02-04,173.0,173.0,173.0,,16.33,5216
2002-02-05,172.0,172.0,172.0,,16.33,5216
2002-02-06,171.0,171.0,171.0,,16.33,5216
2002-02-07,170.0,170.0,170.0,,16.33,5216
2002-02-08,168.0,168.0,168.0,,16.33,5216
2002-02-09,166.0,166.0,166.0,,16.33,5216
2002-02-10,164.0,164.0,164.0,,16.33,5216
2002-02-11,162.0,162.0,162.0,,16.33,5216
2002-02-12,160.0,160.0,160.0,,16.33,5216
2002-02-13,158.0,158.0,158.0,,16.33,5216
2002-02-14,156.0,156.0,156.0,,16.33,5216
2002-02-15,154.0,154.0,154.0,,16.33,5216
2002-02-16,152.0,152.0,152.0,,16.33,5216
2002-02-17,150.0,150.0,150.0,,16.33,5216
2002-02-18,148.0,148.0,148.0,,16.33,5216
2002-02-19,146.0,146.0,146.0,,16.33,5216
2002-02-20,146.0,146.0,146.0,,16.33,5216
2002-02-21,146.0,146.0,146.0,,16.33,5216
2002-02-22,146.0,146.0,146.0,,16.33,5216
2002-02-23,146.0,146.0,146.0,,16.33,5216
2002-02-24,146.0,146.0,146.0,,16.33,5216
2002-02-25,145.0,145.0,145.0,,16.33,5216
2002-02-26,145.0,145.0,145.0,,16.33,5216
2002-02-27,145.0,145.0,145.0,,16.33,5216
2002-02-28,145.0,145.0,145.0,,16.33,5216
2002-03-01,148.0,146.0,149.0,0.05,16.33,5216
2002-03-02,152.0,151.0,152.0,0.0,16.33,5216
2002-03-03,151.0,150.0,152.0,0.0,16.33,5216
2002-03-04,148.0,148.0,148.0,0.0,16.33,5216
2002-03-05,147.0,146.0,148.0,0.05,16.33,5216
2002-03-06,143.0,142.0,143.0,0.0,16.33,5216
2002-03-07,142.0,141.0,143.0,0.05,16.33,5216
2002-03-08,144.0,144.0,144.0,0.0,16.33,5216
2002-03-09,146.0,144.0,148.0,0.1,16.33,5216
2002-03-10,155.0,151.0,159.0,0.15,16.33,5216
2002-03-11,164.0,163.0,164.0,0.15,16.33,5216
2002-03-12,166.0,164.0,168.0,0.15,16.33,5216
2002-03-13,204.0,171.0,237.0,0.35,,5216
2002-03-14,257.0,247.0,267.0,0.2,26.25,5216
2002-03-15,308.0,297.0,319.0,0.2,26.25,5216
2002-03-16,328.0,327.0,328.0,0.2,26.25,5216
2002-03-17,329.0,329.0,329.0,1.0,,5216
2002-03-18,328.0,326.0,329.0,1.4,26.16,5216
2002-03-19,318.0,317.0,319.0,1.9,,5216
2002-03-20,301.0,297.0,305.0,1.9,29.0,5216
2002-03-21,281.0,276.0,285.0,1.85,29.0,5216
2002-03-22,256.0,252.0,260.0,1.6,29.0,5216
2002-03-23,237.0,235.0,238.0,0.85,29.0,5216
2002-03-24,218.0,218.0,218.0,1.15,29.0,5216
2002-03-25,215.0,214.0,216.0,1.45,29.0,5216
2002-03-26,212.0,212.0,212.0,2.35,29.0,5216
2002-03-27,211.0,210.0,211.0,1.7,29.0,5216
2002-03-28,209.0,208.0,209.0,2.6,29.0,5216
2002-03-29,205.0,204.0,206.0,3.65,29.0,5216
2002-03-30,201.0,200.0,201.0,4.4,29.0,5216
2002-03-31,200.0,199.0,200.0,5.7,29.0,5216
2002-04-01,198.0,198.0,198.0,7.5,29.0,5216
2002-04-02,198.0,197.0,198.0,7.15,29.0,5216
2002-04-03,197.0,197.0,197.0,7.15,29.0,5216
2002-04-04,197.0,197.0,197.0,7.6,29.0,5216
2002-04-05,197.0,197.0,197.0,8.05,29.0,5216
2002-04-06,197.0,197.0,197.0,6.95,29.0,5216
2002-04-07,202.0,200.0,203.0,5.4,29.0,5216
2002-04-08,206.0,205.0,207.0,5.05,29.0,5216
2002-04-09,212.0,209.0,214.0,4.75,29.0,5216
2002-04-10,224.0,221.0,227.0,4.2,29.0,5216
2002-04-11,238.0,235.0,241.0,4.45,29.0,5216
2002-04-12,246.0,245.0,247.0,6.2,29.0,5216
2002-04-13,248.0,247.0,249.0,6.6,29.0,5216
2002-04-14,241.0,237.0,245.0,7.75,29.0,5216
2002-04-15,229.0,226.0,231.0,8.4,29.0,5216
2002-04-16,220.0,219.0,221.0,8.2,29.0,5216
2002-04-17,215.0,215.0,215.0,6.45,29.0,5216
2002-04-18,215.0,215.0,215.0,8.65,29.0,5216
2002-04-19,216.0,215.0,217.0,8.6,29.0,5216
2002-04-20,223.0,222.0,224.0,8.9,29.0,5216
2002-04-21,226.0,226.0,226.0,9.3,29.0,5216
2002-04-22,225.0,224.0,226.0,9.7,29.0,5216
2002-04-23,220.0,218.0,221.0,8.95,29.0,5216
2002-04-24,221.0,220.0,221.0,7.8,29.0,5216
2002-04-25,220.0,220.0,220.0,9.2,29.0,5216
2002-04-26,224.0,221.0,226.0,10.35,29.0,5216
2002-04-27,230.0,229.0,231.0,11.6,29.0,5216
2002-04-28,235.0,234.0,236.0,11.45,29.0,5216
2002-04-29,238.0,238.0,238.0,10.5,29.0,5216
2002-04-30,239.0,239.0,239.0,10.3,29.0,5216
2002-05-01,232.0,229.0,234.0,11.4,29.0,5216
2002-05-02,223.0,221.0,225.0,12.05,29.0,5216
2002-05-03,216.0,215.0,217.0,11.95,29.0,5216
2002-05-04,213.0,212.0,213.0,12.4,29.0,5216
2002-05-05,211.0,210.0,211.0,12.9,29.0,5216
2002-05-06,209.0,208.0,209.0,13.2,29.0,5216
2002-05-07,205.0,204.0,206.0,13.95,29.0,5216
2002-05-08,201.0,200.0,202.0,14.65,29.0,5216
2002-05-09,197.0,195.0,198.0,14.35,29.0,5216
2002-05-10,193.0,192.0,193.0,14.4,29.0,5216
2002-05-11,190.0,189.0,190.0,14.8,29.0,5216
2002-05-12,187.0,186.0,187.0,14.1,29.0,5216
2002-05-13,185.0,185.0,185.0,12.75,29.0,5216
2002-05-14,186.0,185.0,186.0,13.2,29.0,5216
2002-05-15,184.0,184.0,184.0,14.35,29.0,5216
2002-05-16,183.0,183.0,183.0,15.8,29.0,5216
2002-05-17,183.0,182.0,183.0,16.8,29.0,5216
2002-05-18,181.0,180.0,181.0,17.4,29.0,5216
2002-05-19,180.0,180.0,180.0,17.6,29.0,5216
2002-05-20,180.0,180.0,180.0,18.45,29.0,5216
2002-05-21,180.0,180.0,180.0,17.95,29.0,5216
2002-05-22,181.0,180.0,181.0,17.8,29.0,5216
2002-05-23,179.0,178.0,179.0,17.65,29.0,5216
2002-05-24,178.0,178.0,178.0,17.6,29.0,5216
2002-05-25,178.0,177.0,178.0,17.7,29.0,5216
2002-05-26,177.0,177.0,177.0,17.6,29.0,5216
2002-05-27,178.0,177.0,178.0,17.9,29.0,5216
2002-05-28,179.0,179.0,179.0,17.55,29.0,5216
2002-05-29,180.0,180.0,180.0,16.75,29.0,5216
2002-05-30,180.0,180.0,180.0,17.6,29.0,5216
2002-05-31,180.0,180.0,180.0,17.0,29.0,5216
2002-06-01,180.0,180.0,180.0,17.6,31.0,5216
2002-06-02,182.0,181.0,182.0,17.75,31.0,5216
2002-06-03,183.0,183.0,183.0,17.5,31.0,5216
2002-06-04,184.0,184.0,184.0,16.4,31.0,5216
2002-06-05,186.0,185.0,186.0,18.0,31.0,5216
2002-06-06,190.0,188.0,191.0,19.9,31.0,5216
2002-06-07,196.0,195.0,197.0,18.55,31.0,5216
2002-06-08,198.0,198.0,198.0,17.8,31.0,5216
2002-06-09,197.0,196.0,198.0,20.05,31.0,5216
2002-06-10,193.0,193.0,193.0,20.1,31.0,5216
2002-06-11,194.0,193.0,194.0,20.1,31.0,5216
2002-06-12,195.0,194.0,195.0,19.1,31.0,5216
2002-06-13,194.0,193.0,194.0,19.1,31.0,5216
2002-06-14,196.0,195.0,197.0,19.2,31.0,5216
2002-06-15,200.0,199.0,201.0,16.75,31.0,5216
2002-06-16,204.0,203.0,204.0,18.1,31.0,5216
2002-06-17,207.0,205.0,208.0,18.65,31.0,5216
2002-06-18,211.0,210.0,212.0,19.25,31.0,5216
2002-06-19,215.0,214.0,216.0,19.75,31.0,5216
2002-06-20,223.0,219.0,226.0,17.1,31.0,5216
2002-06-21,233.0,231.0,234.0,16.3,31.0,5216
2002-06-22,237.0,236.0,237.0,17.25,31.0,5216
2002-06-23,239.0,238.0,239.0,17.15,31.0,5216
2002-06-24,239.0,238.0,240.0,17.95,31.0,5216
2002-06-25,236.0,235.0,236.0,18.95,31.0,5216
2002-06-26,236.0,234.0,238.0,19.7,31.0,5216
2002-06-27,247.0,245.0,248.0,20.75,31.0,5216
2002-06-28,253.0,252.0,253.0,20.9,31.0,5216
2002-06-29,254.0,253.0,255.0,20.5,31.0,5216
2002-06-30,247.0,244.0,250.0,21.3,31.0,5216
2002-07-01,235.0,231.0,239.0,21.5,31.0,5216
2002-07-02,226.0,223.0,229.0,21.8,31.0,5216
2002-07-03,208.0,205.0,211.0,21.8,31.0,5216
2002-07-04,199.0,197.0,201.0,22.6,31.0,5216
2002-07-05,192.0,191.0,193.0,23.6,31.0,5216
2002-07-06,188.0,187.0,189.0,23.3,31.0,5216
2002-07-07,187.0,186.0,187.0,22.25,31.0,5216
2002-07-08,187.0,186.0,187.0,21.95,31.0,5216
2002-07-09,184.0,183.0,184.0,21.85,31.0,5216
2002-07-10,181.0,180.0,181.0,22.3,31.0,5216
2002-07-11,179.0,178.0,180.0,22.3,31.0,5216
2002-07-12,182.0,181.0,182.0,21.55,31.0,5216
2002-07-13,179.0,178.0,179.0,21.7,31.0,5216
2002-07-14,178.0,177.0,179.0,22.45,31.0,5216
2002-07-15,179.0,178.0,179.0,23.05,31.0,5216
2002-07-16,181.0,179.0,183.0,21.95,31.0,5216
2002-07-17,192.0,187.0,197.0,21.5,31.0,5216
2002-07-18,217.0,209.0,225.0,22.65,31.0,5216
2002-07-19,264.0,245.0,283.0,22.05,31.0,5216
2002-07-20,346.0,336.0,355.0,21.25,32.0,5216
2002-07-21,365.0,359.0,370.0,21.1,32.0,5216
2002-07-22,388.0,381.0,395.0,21.7,32.0,5216
2002-07-23,395.0,394.0,396.0,21.25,32.0,5216
2002-07-24,386.0,383.0,388.0,21.3,32.0,5216
2002-07-25,376.0,374.0,378.0,21.4,32.0,5216
2002-07-26,370.0,368.0,371.0,22.45,32.0,5216
2002-07-27,362.0,360.0,364.0,22.55,32.0,5216
2002-07-28,356.0,354.0,357.0,24.45,32.0,5216
2002-07-29,351.0,349.0,352.0,24.75,32.0,5216
2002-07-30,346.0,345.0,346.0,25.15,32.0,5216
2002-07-31,343.0,342.0,344.0,23.7,32.0,5216
2002-08-01,344.0,341.0,347.0,22.1,32.0,5216
2002-08-02,357.0,353.0,360.0,22.55,32.0,5216
2002-08-03,366.0,364.0,368.0,23.85,32.0,5216
2002-08-04,368.0,367.0,369.0,23.65,32.0,5216
2002-08-05,364.0,363.0,365.0,23.7,32.0,5216
2002-08-06,368.0,366.0,370.0,22.95,32.0,5216
2002-08-07,377.0,377.0,377.0,21.35,32.0,5216
2002-08-08,380.0,378.0,382.0,20.3,32.0,5216
2002-08-09,387.0,386.0,387.0,21.2,32.0,5216
2002-08-10,384.0,383.0,385.0,22.1,32.0,5216
2002-08-11,378.0,376.0,379.0,22.95,32.0,5216
2002-08-12,373.0,371.0,374.0,23.6,32.0,5216
2002-08-13,366.0,363.0,368.0,23.4,32.0,5216
2002-08-14,356.0,354.0,358.0,23.4,32.0,5216
2002-08-15,349.0,347.0,351.0,23.85,32.0,5216
2002-08-16,338.0,335.0,341.0,23.1,32.0,5216
2002-08-17,326.0,323.0,329.0,21.25,32.0,5216
2002-08-18,317.0,314.0,319.0,20.9,32.0,5216
2002-08-19,308.0,305.0,310.0,19.85,32.0,5216
2002-08-20,301.0,300.0,302.0,19.35,32.0,5216
2002-08-21,297.0,296.0,297.0,19.5,32.0,5216
2002-08-22,295.0,295.0,295.0,19.45,32.0,5216
2002-08-23,297.0,294.0,301.0,17.95,32.0,5216
2002-08-24,310.0,303.0,327.0,18.5,32.0,5216
2002-08-25,346.0,338.0,354.0,19.95,32.0,5216
2002-08-26,362.0,359.0,365.0,20.0,32.0,5216
2002-08-27,371.0,370.0,372.0,20.3,32.0,5216
2002-08-28,370.0,368.0,371.0,20.55,32.0,5216
2002-08-29,365.0,363.0,366.0,21.35,32.0,5216
2002-08-30,359.0,358.0,359.0,21.5,32.0,5216
2002-08-31,360.0,359.0,361.0,21.55,32.0,5216
2002-09-01,361.0,360.0,361.0,22.15,32.0,5216
2002-09-02,357.0,355.0,359.0,22.0,32.0,5216
2002-09-03,354.0,353.0,354.0,21.05,32.0,5216
2002-09-04,355.0,352.0,357.0,20.15,32.0,5216
2002-09-05,365.0,364.0,366.0,19.8,32.0,5216
2002-09-06,363.0,361.0,365.0,19.85,32.0,5216
2002-09-07,354.0,351.0,356.0,19.65,32.0,5216
2002-09-08,343.0,340.0,345.0,18.8,32.0,5216
2002-09-09,329.0,325.0,333.0,19.3,32.0,5216
2002-09-10,313.0,309.0,317.0,18.9,32.0,5216
2002-09-11,300.0,296.0,303.0,18.3,32.0,5216
2002-09-12,286.0,283.0,289.0,17.15,32.0,5216
2002-09-13,273.0,270.0,276.0,16.75,32.0,5216
2002-09-14,263.0,261.0,265.0,16.85,32.0,5216
2002-09-15,253.0,251.0,255.0,16.85,32.0,5216
2002-09-16,245.0,243.0,246.0,16.7,32.0,5216
2002-09-17,240.0,239.0,240.0,16.75,32.0,5216
2002-09-18,233.0,231.0,235.0,16.7,32.0,5216
2002-09-19,227.0,225.0,228.0,16.65,32.0,5216
2002-09-20,222.0,221.0,223.0,14.65,32.0,5216
2002-09-21,217.0,215.0,218.0,13.9,32.0,5216
2002-09-22,213.0,212.0,213.0,13.65,32.0,5216
2002-09-23,210.0,209.0,210.0,13.75,32.0,5216
2002-09-24,208.0,207.0,208.0,13.65,32.0,5216
2002-09-25,205.0,204.0,205.0,12.85,32.0,5216
2002-09-26,202.0,201.0,202.0,14.4,32.0,5216
2002-09-27,199.0,198.0,199.0,14.55,32.0,5216
2002-09-28,197.0,197.0,197.0,17.6,32.0,5216
2002-09-29,197.0,196.0,197.0,16.85,32.0,5216
2002-09-30,194.0,193.0,194.0,16.95,32.0,5216
2002-10-01,193.0,193.0,193.0,16.3,29.0,5216
2002-10-02,192.0,192.0,192.0,17.0,29.0,5216
2002-10-03,194.0,193.0,194.0,13.95,29.0,5216
2002-10-04,198.0,197.0,198.0,12.15,29.0,5216
2002-10-05,202.0,200.0,203.0,12.0,29.0,5216
2002-10-06,208.0,205.0,210.0,12.2,29.0,5216
2002-10-07,222.0,218.0,225.0,11.05,29.0,5216
2002-10-08,236.0,232.0,240.0,10.0,29.0,5216
2002-10-09,252.0,248.0,256.0,9.55,29.0,5216
2002-10-10,265.0,262.0,268.0,11.2,29.0,5216
2002-10-11,277.0,275.0,279.0,10.95,29.0,5216
2002-10-12,285.0,283.0,286.0,11.15,29.0,5216
2002-10-13,286.0,285.0,287.0,11.9,29.0,5216
2002-10-14,278.0,275.0,281.0,10.85,29.0,5216
2002-10-15,265.0,261.0,269.0,10.1,29.0,5216
2002-10-16,252.0,249.0,255.0,7.7,29.0,5216
2002-10-17,241.0,239.0,243.0,7.9,29.0,5216
2002-10-18,237.0,236.0,237.0,7.75,29.0,5216
2002-10-19,235.0,235.0,235.0,6.55,29.0,5216
2002-10-20,234.0,234.0,234.0,4.3,29.0,5216
2002-10-21,234.0,233.0,234.0,3.4,29.0,5216
2002-10-22,239.0,235.0,243.0,3.4,29.0,5216
2002-10-23,254.0,251.0,256.0,1.3,2.29,5216
2002-10-24,261.0,261.0,261.0,0.4,2.29,5216
2002-10-25,259.0,257.0,260.0,0.5,2.0,5216
2002-10-26,251.0,249.0,253.0,0.3,2.0,5216
2002-10-27,243.0,241.0,245.0,0.3,2.0,5216
2002-10-28,232.0,232.0,232.0,0.1,2.0,5216
2002-10-29,235.0,234.0,236.0,0.1,2.0,5216
2002-10-30,239.0,238.0,239.0,0.2,2.0,5216
2002-10-31,241.0,240.0,242.0,0.1,2.0,5216
2002-11-01,244.0,243.0,245.0,0.0,2.0,5216
2002-11-02,249.0,247.0,251.0,0.0,2.0,5216
2002-11-03,259.0,255.0,263.0,0.0,2.0,5216
2002-11-04,274.0,273.0,275.0,0.0,2.0,5216
2002-11-05,274.0,273.0,275.0,0.0,15.0,5216
2002-11-06,274.0,273.0,275.0,0.0,15.0,5216
2002-11-07,268.0,266.0,269.0,0.0,15.0,5216
2002-11-08,261.0,259.0,263.0,0.0,15.0,5216
2002-11-09,253.0,251.0,254.0,0.0,15.0,5216
2002-11-10,242.0,241.0,243.0,0.0,15.0,5216
2002-11-11,234.0,233.0,235.0,0.0,15.35,5216
2002-11-12,227.0,226.0,228.0,0.0,15.35,5216
2002-11-13,221.0,220.0,222.0,0.0,15.35,5216
2002-11-14,220.0,219.0,221.0,0.0,16.35,5216
2002-11-15,215.0,213.0,217.0,0.0,16.35,5216
2002-11-16,212.0,211.0,213.0,0.0,16.35,5216
2002-11-17,208.0,207.0,209.0,0.0,16.35,5216
2002-11-18,205.0,204.0,206.0,0.0,16.35,5216
2002-11-19,201.0,200.0,202.0,0.0,16.35,5216
2002-11-20,198.0,197.0,199.0,0.0,16.35,5216
2002-11-21,195.0,194.0,195.0,0.0,16.35,5216
2002-11-22,191.0,190.0,191.0,0.0,16.35,5216
2002-11-23,188.0,188.0,188.0,0.0,16.35,5216
2002-11-24,187.0,186.0,187.0,0.0,16.35,5216
2002-11-25,184.0,183.0,184.0,0.0,16.35,5216
2002-11-26,181.0,181.0,181.0,0.0,16.35,5216
2002-11-27,181.0,180.0,181.0,0.0,16.35,5216
2002-11-28,180.0,180.0,180.0,0.0,16.35,5216
2002-11-29,180.0,179.0,181.0,0.0,16.35,5216
2002-11-30,184.0,183.0,184.0,0.0,16.35,5216
2002-12-01,185.0,185.0,185.0,,16.0,5216
2002-12-02,186.0,186.0,186.0,,16.0,5216
2002-12-03,187.0,187.0,187.0,,16.0,5216
2002-12-04,188.0,188.0,188.0,,16.0,5216
2002-12-05,187.0,187.0,187.0,,16.0,5216
2002-12-06,186.0,186.0,186.0,,16.0,5216
2002-12-07,185.0,185.0,185.0,,16.0,5216
2002-12-08,184.0,184.0,184.0,,16.0,5216
2002-12-09,183.0,183.0,183.0,,16.0,5216
2002-12-10,181.0,181.0,181.0,,16.0,5216
2002-12-11,180.0,180.0,180.0,,16.0,5216
2002-12-12,178.0,178.0,178.0,,16.0,5216
2002-12-13,181.0,181.0,181.0,,16.0,5216
2002-12-14,183.0,183.0,183.0,,16.0,5216
2002-12-15,186.0,186.0,186.0,,16.0,5216
2002-12-16,191.0,191.0,191.0,,16.0,5216
2002-12-17,191.0,191.0,191.0,,16.0,5216
2002-12-18,190.0,190.0,190.0,,16.0,5216
2002-12-19,188.0,188.0,188.0,,16.0,5216
2002-12-20,188.0,188.0,188.0,,16.0,5216
2002-12-21,187.0,187.0,187.0,,16.0,5216
2002-12-22,187.0,187.0,187.0,,16.0,5216
2002-12-23,186.0,186.0,186.0,,16.0,5216
2002-12-24,186.0,186.0,186.0,,16.0,5216
2002-12-25,185.0,185.0,185.0,,16.0,5216
2002-12-26,185.0,185.0,185.0,,16.0,5216
2002-12-27,185.0,185.0,185.0,,16.0,5216
2002-12-28,184.0,184.0,184.0,,16.0,5216
2002-12-29,183.0,183.0,183.0,,16.0,5216
2002-12-30,183.0,183.0,183.0,,16.0,5216
2002-12-31,183.0,183.0,183.0,,16.0,5216
2003-01-01,182.0,182.0,182.0,,16.35,5216
2003-01-02,183.0,183.0,183.0,,16.35,5216
2003-01-03,184.0,184.0,184.0,,16.35,5216
2003-01-04,185.0,185.0,185.0,,16.35,5216
2003-01-05,186.0,186.0,186.0,,16.35,5216
2003-01-06,187.0,187.0,187.0,,16.35,5216
2003-01-07,188.0,188.0,188.0,,16.35,5216
2003-01-08,189.0,189.0,189.0,,16.35,5216
2003-01-09,190.0,190.0,190.0,,16.35,5216
2003-01-10,191.0,191.0,191.0,,16.35,5216
2003-01-11,190.0,190.0,190.0,,16.35,5216
2003-01-12,188.0,188.0,188.0,,16.35,5216
2003-01-13,186.0,186.0,186.0,,16.35,5216
2003-01-14,183.0,183.0,183.0,,16.35,5216
2003-01-15,179.0,179.0,179.0,,16.33,5216
2003-01-16,176.0,176.0,176.0,,16.33,5216
2003-01-17,176.0,176.0,176.0,,16.33,5216
2003-01-18,174.0,174.0,174.0,,16.33,5216
2003-01-19,172.0,172.0,172.0,,16.33,5216
2003-01-20,170.0,170.0,170.0,,16.33,5216
2003-01-21,168.0,168.0,168.0,,16.33,5216
2003-01-22,165.0,165.0,165.0,,16.33,5216
2003-01-23,162.0,162.0,162.0,,16.33,5216
2003-01-24,159.0,159.0,159.0,,16.33,5216
2003-01-25,157.0,157.0,157.0,,16.33,5216
2003-01-26,155.0,155.0,155.0,,16.33,5216
2003-01-27,152.0,152.0,152.0,,16.33,5216
2003-01-28,149.0,149.0,149.0,,16.33,5216
2003-01-29,147.0,147.0,147.0,,16.33,5216
2003-01-30,144.0,144.0,144.0,,16.33,5216
2003-01-31,142.0,142.0,142.0,,16.33,5216
2003-02-01,140.0,140.0,140.0,,16.33,5216
2003-02-02,140.0,140.0,140.0,,16.33,5216
2003-02-03,139.0,139.0,139.0,,16.33,5216
2003-02-04,139.0,139.0,139.0,,16.33,5216
2003-02-05,138.0,138.0,138.0,,16.33,5216
2003-02-06,138.0,138.0,138.0,,16.33,5216
2003-02-07,137.0,137.0,137.0,,16.33,5216
2003-02-08,137.0,137.0,137.0,,16.33,5216
2003-02-09,137.0,137.0,137.0,,16.33,5216
2003-02-10,136.0,136.0,136.0,,16.33,5216
2003-02-11,136.0,136.0,136.0,,16.33,5216
2003-02-12,136.0,136.0,136.0,,16.33,5216
2003-02-13,135.0,135.0,135.0,,16.33,5216
2003-02-14,135.0,135.0,135.0,,16.33,5216
2003-02-15,135.0,135.0,135.0,,16.33,5216
2003-02-16,134.0,134.0,134.0,,16.33,5216
2003-02-17,134.0,134.0,134.0,,16.33,5216
2003-02-18,133.0,133.0,133.0,,16.33,5216
2003-02-19,133.0,133.0,133.0,,16.33,5216
2003-02-20,131.0,131.0,131.0,,16.33,5216
2003-02-21,129.0,129.0,129.0,,16.33,5216
2003-02-22,128.0,128.0,128.0,,16.33,5216
2003-02-23,127.0,127.0,127.0,,16.33,5216
2003-02-24,126.0,126.0,126.0,,16.33,5216
2003-02-25,124.0,124.0,124.0,,16.33,5216
2003-02-26,123.0,123.0,123.0,,16.33,5216
2003-02-27,123.0,123.0,123.0,,16.33,5216
2003-02-28,122.0,122.0,122.0,,16.33,5216
2003-03-01,125.0,122.0,127.0,0.0,16.33,5216
2003-03-02,129.0,129.0,129.0,0.0,16.33,5216
2003-03-03,129.0,129.0,129.0,0.0,16.33,5216
2003-03-04,129.0,128.0,130.0,0.0,16.33,5216
2003-03-05,131.0,131.0,131.0,0.0,16.33,5216
2003-03-06,131.0,131.0,131.0,0.0,16.33,5216
2003-03-07,132.0,131.0,132.0,0.0,16.33,5216
2003-03-08,132.0,132.0,132.0,0.0,16.33,5216
2003-03-09,133.0,132.0,133.0,0.0,16.33,5216
2003-03-10,134.0,133.0,134.0,0.0,16.33,5216
2003-03-11,135.0,134.0,136.0,0.0,16.33,5216
2003-03-12,137.0,136.0,138.0,0.0,16.33,5216
2003-03-13,138.0,138.0,138.0,0.0,16.33,5216
2003-03-14,140.0,138.0,141.0,0.1,16.33,5216
2003-03-15,146.0,144.0,147.0,0.1,16.33,5216
2003-03-16,151.0,149.0,153.0,0.1,16.33,5216
2003-03-17,162.0,157.0,167.0,0.1,16.33,5216
2003-03-18,172.0,169.0,175.0,0.1,24.0,5216
2003-03-19,190.0,177.0,203.0,0.1,24.0,5216
2003-03-20,227.0,223.0,231.0,0.1,24.0,5216
2003-03-21,232.0,227.0,237.0,0.1,24.0,5216
2003-03-22,236.0,235.0,237.0,0.1,24.0,5216
2003-03-23,238.0,235.0,241.0,0.1,24.0,5216
2003-03-24,254.0,246.0,261.0,0.1,16.0,5216
2003-03-25,275.0,271.0,278.0,0.1,16.0,5216
2003-03-26,283.0,283.0,283.0,0.1,16.0,5216
2003-03-27,284.0,284.0,284.0,0.2,16.0,5216
2003-03-28,285.0,284.0,285.0,0.1,16.0,5216
2003-03-29,283.0,279.0,287.0,0.1,16.0,5216
2003-03-30,266.0,265.0,267.0,0.1,16.0,5216
2003-03-31,262.0,260.0,263.0,1.05,16.0,5216
2003-04-01,250.0,249.0,251.0,1.35,16.0,5216
2003-04-02,250.0,249.0,251.0,1.1,25.0,5216
2003-04-03,243.0,239.0,247.0,0.0,25.0,5216
2003-04-04,229.0,227.0,231.0,2.2,25.0,5216
2003-04-05,224.0,223.0,225.0,2.85,16.0,5216
2003-04-06,219.0,217.0,220.0,3.6,16.0,5216
2003-04-07,214.0,213.0,215.0,3.65,16.0,5216
2003-04-08,211.0,209.0,212.0,2.35,29.0,5216
2003-04-09,207.0,206.0,207.0,3.65,29.0,5216
2003-04-10,203.0,203.0,203.0,3.85,29.0,5216
2003-04-11,201.0,201.0,201.0,3.45,29.0,5216
2003-04-12,202.0,201.0,202.0,3.45,29.0,5216
2003-04-13,199.0,199.0,199.0,4.35,29.0,5216
2003-04-14,197.0,196.0,197.0,6.6,29.0,5216
2003-04-15,195.0,195.0,195.0,6.2,29.0,5216
2003-04-16,195.0,194.0,195.0,6.6,29.0,5216
2003-04-17,195.0,194.0,195.0,8.45,29.0,5216
2003-04-18,196.0,195.0,196.0,8.6,29.0,5216
2003-04-19,197.0,197.0,197.0,8.85,29.0,5216
2003-04-20,199.0,198.0,199.0,7.6,29.0,5216
2003-04-21,199.0,199.0,199.0,8.65,29.0,5216
2003-04-22,202.0,201.0,203.0,8.05,29.0,5216
2003-04-23,208.0,206.0,210.0,9.6,29.0,5216
2003-04-24,215.0,213.0,217.0,10.2,29.0,5216
2003-04-25,221.0,220.0,222.0,11.65,29.0,5216
2003-04-26,223.0,223.0,223.0,12.45,29.0,5216
2003-04-27,223.0,222.0,223.0,12.95,29.0,5216
2003-04-28,219.0,217.0,220.0,13.05,29.0,5216
2003-04-29,214.0,213.0,215.0,11.7,29.0,5216
2003-04-30,210.0,209.0,211.0,10.8,29.0,5216
2003-05-01,206.0,205.0,207.0,11.25,29.0,5216
2003-05-02,202.0,201.0,203.0,12.1,29.0,5216
2003-05-03,199.0,198.0,200.0,12.55,29.0,5216
2003-05-04,197.0,196.0,197.0,12.3,29.0,5216
2003-05-05,195.0,194.0,195.0,12.1,29.0,5216
2003-05-06,192.0,192.0,192.0,11.5,29.0,5216
2003-05-07,189.0,189.0,189.0,10.7,29.0,5216
2003-05-08,189.0,188.0,189.0,10.65,29.0,5216
2003-05-09,187.0,186.0,187.0,11.35,29.0,5216
2003-05-10,185.0,185.0,185.0,11.75,29.0,5216
2003-05-11,185.0,185.0,185.0,11.95,29.0,5216
2003-05-12,185.0,184.0,185.0,12.4,29.0,5216
2003-05-13,184.0,184.0,184.0,12.85,29.0,5216
2003-05-14,183.0,183.0,183.0,12.35,29.0,5216
2003-05-15,183.0,183.0,183.0,13.5,29.0,5216
2003-05-16,182.0,182.0,182.0,15.55,29.0,5216
2003-05-17,181.0,181.0,181.0,15.95,29.0,5216
2003-05-18,181.0,181.0,181.0,16.0,29.0,5216
2003-05-19,182.0,181.0,182.0,16.0,29.0,5216
2003-05-20,182.0,182.0,182.0,16.4,29.0,5216
2003-05-21,182.0,182.0,182.0,16.25,29.0,5216
2003-05-22,181.0,181.0,181.0,16.05,29.0,5216
2003-05-23,181.0,181.0,181.0,15.85,29.0,5216
2003-05-24,181.0,180.0,181.0,15.45,29.0,5216
2003-05-25,180.0,180.0,180.0,15.9,29.0,5216
2003-05-26,180.0,180.0,180.0,16.65,29.0,5216
2003-05-27,182.0,181.0,182.0,17.3,29.0,5216
2003-05-28,182.0,182.0,182.0,17.2,29.0,5216
2003-05-29,182.0,182.0,182.0,17.55,29.0,5216
2003-05-30,183.0,182.0,183.0,18.4,29.0,5216
2003-05-31,182.0,182.0,182.0,18.9,29.0,5216
2003-06-01,182.0,181.0,182.0,18.6,29.0,5216
2003-06-02,183.0,183.0,183.0,18.45,29.0,5216
2003-06-03,183.0,182.0,183.0,21.05,29.0,5216
2003-06-04,182.0,182.0,182.0,19.65,29.0,5216
2003-06-05,181.0,180.0,181.0,18.35,29.0,5216
2003-06-06,180.0,180.0,180.0,17.4,29.0,5216
2003-06-07,178.0,178.0,178.0,17.4,29.0,5216
2003-06-08,178.0,178.0,178.0,21.0,29.0,5216
2003-06-09,177.0,176.0,177.0,21.95,29.0,5216
2003-06-10,177.0,176.0,177.0,20.7,29.0,5216
2003-06-11,177.0,176.0,177.0,21.35,29.0,5216
2003-06-12,176.0,176.0,176.0,21.95,29.0,5216
2003-06-13,176.0,176.0,176.0,20.2,29.0,5216
2003-06-14,176.0,175.0,176.0,20.8,29.0,5216
2003-06-15,175.0,175.0,175.0,21.15,29.0,5216
2003-06-16,175.0,175.0,175.0,20.65,29.0,5216
2003-06-17,175.0,175.0,175.0,20.15,29.0,5216
2003-06-18,176.0,175.0,176.0,20.05,29.0,5216
2003-06-19,176.0,175.0,176.0,21.45,29.0,5216
2003-06-20,175.0,175.0,175.0,22.55,29.0,5216
2003-06-21,175.0,174.0,175.0,24.0,29.0,5216
2003-06-22,174.0,174.0,174.0,24.0,29.0,5216
2003-06-23,173.0,173.0,173.0,23.15,29.0,5216
2003-06-24,173.0,173.0,173.0,22.85,29.0,5216
2003-06-25,174.0,173.0,174.0,21.9,29.0,5216
2003-06-26,174.0,174.0,174.0,22.15,29.0,5216
2003-06-27,175.0,174.0,175.0,21.55,29.0,5216
2003-06-28,176.0,175.0,176.0,20.25,29.0,5216
2003-06-29,177.0,177.0,177.0,18.3,29.0,5216
2003-06-30,178.0,178.0,178.0,18.1,29.0,5216
2003-07-01,180.0,178.0,181.0,17.4,29.0,5216
2003-07-02,184.0,182.0,185.0,17.65,29.0,5216
2003-07-03,190.0,189.0,191.0,18.65,29.0,5216
2003-07-04,192.0,191.0,192.0,19.15,29.0,5216
2003-07-05,194.0,193.0,194.0,18.95,29.0,5216
2003-07-06,197.0,196.0,197.0,19.85,29.0,5216
2003-07-07,197.0,196.0,197.0,22.15,29.0,5216
2003-07-08,198.0,198.0,198.0,21.6,29.0,5216
2003-07-09,198.0,198.0,198.0,20.95,29.0,5216
2003-07-10,197.0,196.0,197.0,20.45,29.0,5216
2003-07-11,193.0,192.0,194.0,22.2,29.0,5216
2003-07-12,189.0,188.0,190.0,23.9,29.0,5216
2003-07-13,185.0,184.0,185.0,23.2,29.0,5216
2003-07-14,182.0,181.0,183.0,23.25,29.0,5216
2003-07-15,180.0,179.0,180.0,22.6,29.0,5216
2003-07-16,178.0,177.0,178.0,21.7,29.0,5216
2003-07-17,175.0,174.0,175.0,21.2,29.0,5216
2003-07-18,174.0,173.0,174.0,21.1,29.0,5216
2003-07-19,174.0,173.0,175.0,18.2,29.0,5216
2003-07-20,177.0,176.0,177.0,19.0,29.0,5216
2003-07-21,178.0,177.0,178.0,19.55,29.0,5216
2003-07-22,177.0,177.0,177.0,19.25,29.0,5216
2003-07-23,177.0,176.0,178.0,20.3,29.0,5216
2003-07-24,183.0,182.0,184.0,21.2,29.0,5216
2003-07-25,186.0,185.0,187.0,21.35,29.0,5216
2003-07-26,187.0,187.0,187.0,21.35,29.0,5216
2003-07-27,189.0,187.0,190.0,21.0,29.0,5216
2003-07-28,193.0,192.0,194.0,20.35,29.0,5216
2003-07-29,196.0,195.0,196.0,20.7,29.0,5216
2003-07-30,196.0,194.0,197.0,20.85,29.0,5216
2003-07-31,191.0,190.0,192.0,20.5,29.0,5216
2003-08-01,188.0,187.0,188.0,21.15,29.0,5216
2003-08-02,186.0,184.0,187.0,21.8,29.0,5216
2003-08-03,183.0,182.0,183.0,21.8,29.0,5216
2003-08-04,180.0,179.0,181.0,23.85,29.0,5216
2003-08-05,178.0,177.0,179.0,24.4,29.0,5216
2003-08-06,177.0,177.0,177.0,23.2,29.0,5216
2003-08-07,177.0,177.0,177.0,21.85,29.0,5216
2003-08-08,176.0,176.0,176.0,22.55,29.0,5216
2003-08-09,176.0,176.0,176.0,23.35,29.0,5216
2003-08-10,179.0,178.0,179.0,23.6,29.0,5216
2003-08-11,179.0,179.0,179.0,23.6,29.0,5216
2003-08-12,180.0,179.0,180.0,22.15,29.0,5216
2003-08-13,184.0,182.0,185.0,22.75,29.0,5216
2003-08-14,188.0,186.0,189.0,22.7,29.0,5216
2003-08-15,194.0,192.0,196.0,22.55,29.0,5216
2003-08-16,205.0,202.0,207.0,22.15,29.0,5216
2003-08-17,213.0,211.0,214.0,22.4,29.0,5216
2003-08-18,218.0,217.0,218.0,22.2,29.0,5216
2003-08-19,218.0,217.0,218.0,22.4,29.0,5216
2003-08-20,214.0,213.0,215.0,22.75,29.0,5216
2003-08-21,209.0,206.0,211.0,22.95,29.0,5216
2003-08-22,201.0,199.0,202.0,22.6,29.0,5216
2003-08-23,195.0,193.0,196.0,21.3,29.0,5216
2003-08-24,189.0,187.0,190.0,21.85,29.0,5216
2003-08-25,186.0,186.0,186.0,22.0,29.0,5216
2003-08-26,186.0,186.0,186.0,22.15,29.0,5216
2003-08-27,188.0,186.0,189.0,21.75,29.0,5216
2003-08-28,195.0,191.0,199.0,21.75,29.0,5216
2003-08-29,206.0,204.0,208.0,20.45,29.0,5216
2003-08-30,212.0,211.0,213.0,20.05,29.0,5216
2003-08-31,213.0,212.0,214.0,20.3,29.0,5216
2003-09-01,210.0,209.0,211.0,20.3,29.0,5216
2003-09-02,206.0,206.0,206.0,21.35,29.0,5216
2003-09-03,208.0,204.0,212.0,21.25,29.0,5216
2003-09-04,219.0,217.0,221.0,20.9,29.0,5216
2003-09-05,227.0,225.0,229.0,20.9,29.0,5216
2003-09-06,232.0,232.0,232.0,18.6,29.0,5216
2003-09-07,227.0,226.0,228.0,18.2,29.0,5216
2003-09-08,222.0,219.0,224.0,18.4,29.0,5216
2003-09-09,214.0,212.0,215.0,18.4,29.0,5216
2003-09-10,212.0,211.0,212.0,18.5,29.0,5216
2003-09-11,218.0,216.0,219.0,18.8,29.0,5216
2003-09-12,227.0,225.0,229.0,19.4,29.0,5216
2003-09-13,231.0,231.0,231.0,19.2,29.0,5216
2003-09-14,230.0,229.0,231.0,18.35,29.0,5216
2003-09-15,224.0,220.0,228.0,15.45,29.0,5216
2003-09-16,214.0,211.0,216.0,17.0,29.0,5216
2003-09-17,202.0,199.0,204.0,18.8,29.0,5216
2003-09-18,194.0,192.0,195.0,18.0,29.0,5216
2003-09-19,189.0,187.0,190.0,17.35,29.0,5216
2003-09-20,185.0,183.0,187.0,15.65,29.0,5216
2003-09-21,182.0,181.0,182.0,14.95,29.0,5216
2003-09-22,179.0,178.0,179.0,14.45,29.0,5216
2003-09-23,177.0,177.0,177.0,15.2,29.0,5216
2003-09-24,176.0,175.0,176.0,16.35,29.0,5216
2003-09-25,174.0,174.0,174.0,15.8,29.0,5216
2003-09-26,175.0,175.0,175.0,15.65,29.0,5216
2003-09-27,173.0,173.0,173.0,15.65,29.0,5216
2003-09-28,174.0,173.0,174.0,15.7,29.0,5216
2003-09-29,174.0,173.0,174.0,15.85,29.0,5216
2003-09-30,172.0,171.0,172.0,14.25,29.0,5216
2003-10-01,172.0,171.0,173.0,13.4,29.0,5216
2003-10-02,175.0,174.0,176.0,13.0,29.0,5216
2003-10-03,172.0,171.0,173.0,11.85,29.0,5216
2003-10-04,171.0,171.0,171.0,11.0,29.0,5216
2003-10-05,171.0,171.0,171.0,10.8,29.0,5216
2003-10-06,171.0,171.0,171.0,10.7,29.0,5216
2003-10-07,171.0,171.0,171.0,11.5,29.0,5216
2003-10-08,171.0,171.0,171.0,12.15,29.0,5216
2003-10-09,170.0,170.0,170.0,12.2,29.0,5216
2003-10-10,171.0,170.0,171.0,11.75,29.0,5216
2003-10-11,171.0,171.0,171.0,12.0,29.0,5216
2003-10-12,172.0,171.0,172.0,10.15,29.0,5216
2003-10-13,172.0,171.0,172.0,8.8,29.0,5216
2003-10-14,171.0,171.0,171.0,8.55,29.0,5216
2003-10-15,171.0,171.0,171.0,8.0,29.0,5216
2003-10-16,171.0,171.0,171.0,7.85,29.0,5216
2003-10-17,171.0,170.0,171.0,7.0,29.0,5216
2003-10-18,169.0,168.0,169.0,6.85,29.0,5216
2003-10-19,169.0,167.0,170.0,6.7,29.0,5216
2003-10-20,175.0,173.0,176.0,4.8,29.0,5216
2003-10-21,177.0,177.0,177.0,8.1,29.0,5216
2003-10-22,179.0,178.0,179.0,8.4,29.0,5216
2003-10-23,180.0,180.0,180.0,5.9,29.0,5216
2003-10-24,180.0,180.0,180.0,3.6,29.0,5216
2003-10-25,180.0,180.0,180.0,3.35,29.0,5216
2003-10-26,180.0,179.0,180.0,2.9,29.0,5216
2003-10-27,184.0,182.0,185.0,5.9,29.0,5216
2003-10-28,189.0,187.0,191.0,7.2,29.0,5216
2003-10-29,198.0,196.0,199.0,5.25,29.0,5216
2003-10-30,202.0,201.0,203.0,4.3,29.0,5216
2003-10-31,205.0,204.0,205.0,5.9,29.0,5216
2003-11-01,206.0,205.0,206.0,7.7,29.0,5216
2003-11-02,204.0,204.0,204.0,7.4,29.0,5216
2003-11-03,209.0,207.0,211.0,6.35,29.0,5216
2003-11-04,215.0,214.0,215.0,5.7,29.0,5216
2003-11-05,218.0,217.0,218.0,5.15,29.0,5216
2003-11-06,219.0,218.0,219.0,3.55,29.0,5216
2003-11-07,214.0,212.0,215.0,1.25,29.0,5216
2003-11-08,208.0,206.0,209.0,0.0,2.0,5216
2003-11-09,201.0,201.0,201.0,0.0,2.0,5216
2003-11-10,196.0,193.0,199.0,0.0,15.0,5216
2003-11-11,195.0,193.0,197.0,0.0,15.0,5216
2003-11-12,187.0,186.0,187.0,0.0,15.0,5216
2003-11-13,183.0,182.0,184.0,0.0,15.0,5216
2003-11-14,181.0,179.0,182.0,0.1,15.0,5216
2003-11-15,178.0,177.0,178.0,0.1,16.15,5216
2003-11-16,177.0,177.0,177.0,0.0,15.0,5216
2003-11-17,177.0,176.0,177.0,0.0,15.0,5216
2003-11-18,175.0,174.0,175.0,0.0,15.0,5216
2003-11-19,173.0,172.0,173.0,0.0,15.0,5216
2003-11-20,171.0,171.0,171.0,0.0,15.0,5216
2003-11-21,170.0,169.0,171.0,0.0,15.0,5216
2003-11-22,168.0,167.0,169.0,0.0,15.0,5216
2003-11-23,166.0,165.0,166.0,0.0,15.0,5216
2003-11-24,169.0,167.0,170.0,0.0,15.0,5216
2003-11-25,172.0,171.0,173.0,0.0,15.0,5216
2003-11-26,176.0,175.0,176.0,0.0,15.0,5216
2003-11-27,173.0,172.0,173.0,0.0,15.0,5216
2003-11-28,171.0,171.0,171.0,0.0,15.0,5216
2003-11-29,171.0,171.0,171.0,0.0,15.0,5216
2003-11-30,171.0,171.0,171.0,0.0,15.0,5216
2003-12-01,170.0,170.0,170.0,0.0,16.0,5216
2003-12-02,169.0,169.0,169.0,0.0,16.0,5216
2003-12-03,168.0,168.0,168.0,0.0,16.0,5216
2003-12-04,168.0,168.0,168.0,0.0,16.0,5216
2003-12-05,167.0,167.0,167.0,0.0,16.0,5216
2003-12-06,167.0,167.0,167.0,0.0,16.0,5216
2003-12-07,167.0,167.0,167.0,0.0,16.0,5216
2003-12-08,166.0,166.0,166.0,0.0,16.0,5216
2003-12-09,166.0,166.0,166.0,0.0,16.0,5216
2003-12-10,165.0,165.0,165.0,0.0,16.0,5216
2003-12-11,165.0,165.0,165.0,0.0,16.0,5216
2003-12-12,164.0,164.0,164.0,0.0,16.0,5216
2003-12-13,164.0,164.0,164.0,0.0,16.0,5216
2003-12-14,163.0,163.0,163.0,0.0,16.0,5216
2003-12-15,162.0,162.0,162.0,0.0,16.0,5216
2003-12-16,162.0,162.0,162.0,0.0,16.0,5216
2003-12-17,161.0,161.0,161.0,0.0,16.0,5216
2003-12-18,161.0,161.0,161.0,0.0,16.0,5216
2003-12-19,160.0,160.0,160.0,0.0,16.0,5216
2003-12-20,160.0,160.0,160.0,0.0,16.0,5216
2003-12-21,159.0,159.0,159.0,0.0,16.0,5216
2003-12-22,159.0,159.0,159.0,0.0,16.0,5216
2003-12-23,158.0,158.0,158.0,0.0,16.0,5216
2003-12-24,157.0,157.0,157.0,0.0,16.0,5216
2003-12-25,156.0,156.0,156.0,0.0,16.33,5216
2003-12-26,156.0,156.0,156.0,0.0,16.33,5216
2003-12-27,155.0,155.0,155.0,0.0,16.33,5216
2003-12-28,154.0,154.0,154.0,0.0,16.33,5216
2003-12-29,153.0,153.0,153.0,0.0,16.33,5216
2003-12-30,152.0,152.0,152.0,0.0,16.33,5216
2003-12-31,152.0,152.0,152.0,0.0,16.33,5216
2004-01-01,151.0,151.0,151.0,,16.33,5216
2004-01-02,150.0,150.0,150.0,,16.33,5216
2004-01-03,149.0,149.0,149.0,,16.33,5216
2004-01-04,147.0,147.0,147.0,,16.33,5216
2004-01-05,146.0,146.0,146.0,,16.33,5216
2004-01-06,144.0,144.0,144.0,,16.33,5216
2004-01-07,143.0,143.0,143.0,,16.33,5216
2004-01-08,141.0,141.0,141.0,,16.33,5216
2004-01-09,139.0,139.0,139.0,,16.33,5216
2004-01-10,137.0,137.0,137.0,,16.33,5216
2004-01-11,136.0,136.0,136.0,,16.33,5216
2004-01-12,135.0,135.0,135.0,,16.33,5216
2004-01-13,134.0,134.0,134.0,,16.33,5216
2004-01-14,133.0,133.0,133.0,,16.33,5216
2004-01-15,132.0,132.0,132.0,,16.33,5216
2004-01-16,131.0,131.0,131.0,,16.33,5216
2004-01-17,130.0,130.0,130.0,,16.33,5216
2004-01-18,129.0,129.0,129.0,,16.33,5216
2004-01-19,128.0,128.0,128.0,,16.33,5216
2004-01-20,127.0,127.0,127.0,,16.33,5216
2004-01-21,126.0,126.0,126.0,,16.33,5216
2004-01-22,125.0,125.0,125.0,,16.33,5216
2004-01-23,124.0,124.0,124.0,,16.33,5216
2004-01-24,123.0,123.0,123.0,,16.33,5216
2004-01-25,122.0,122.0,122.0,,16.33,5216
2004-01-26,121.0,121.0,121.0,,16.33,5216
2004-01-27,120.0,120.0,120.0,,16.33,5216
2004-01-28,119.0,119.0,119.0,,16.33,5216
2004-01-29,118.0,118.0,118.0,,16.33,5216
2004-01-30,117.0,117.0,117.0,,16.33,5216
2004-01-31,116.0,116.0,116.0,,16.33,5216
2004-02-01,115.0,115.0,115.0,,16.33,5216
2004-02-02,115.0,115.0,115.0,,16.33,5216
2004-02-03,115.0,115.0,115.0,,16.33,5216
2004-02-04,114.0,114.0,114.0,,16.33,5216
2004-02-05,114.0,114.0,114.0,,16.33,5216
2004-02-06,114.0,114.0,114.0,,16.33,5216
2004-02-07,113.0,113.0,113.0,,16.33,5216
2004-02-08,113.0,113.0,113.0,,16.33,5216
2004-02-09,113.0,113.0,113.0,,16.33,5216
2004-02-10,112.0,112.0,112.0,,16.33,5216
2004-02-11,111.0,111.0,111.0,,16.33,5216
2004-02-12,110.0,110.0,110.0,,16.33,5216
2004-02-13,109.0,109.0,109.0,,16.33,5216
2004-02-14,108.0,108.0,108.0,,16.33,5216
2004-02-15,107.0,107.0,107.0,,16.33,5216
2004-02-16,106.0,106.0,106.0,,16.33,5216
2004-02-17,105.0,105.0,105.0,,16.33,5216
2004-02-18,104.0,104.0,104.0,,16.33,5216
2004-02-19,104.0,104.0,104.0,,16.33,5216
2004-02-20,103.0,103.0,103.0,,16.33,5216
2004-02-21,103.0,103.0,103.0,,16.33,5216
2004-02-22,102.0,102.0,102.0,,16.33,5216
2004-02-23,102.0,102.0,102.0,,16.33,5216
2004-02-24,102.0,102.0,102.0,,16.33,5216
2004-02-25,102.0,102.0,102.0,,16.33,5216
2004-02-26,102.0,102.0,102.0,,16.33,5216
2004-02-27,101.0,101.0,101.0,,16.33,5216
2004-02-28,101.0,101.0,101.0,,16.33,5216
2004-02-29,101.0,101.0,101.0,,16.33,5216
2004-03-01,101.0,100.0,101.0,0.0,16.33,5216
2004-03-02,100.0,99.0,100.0,0.0,16.33,5216
2004-03-03,99.0,99.0,99.0,0.0,16.33,5216
2004-03-04,99.0,99.0,99.0,0.0,16.33,5216
2004-03-05,99.0,99.0,99.0,0.0,16.33,5216
2004-03-06,99.0,99.0,99.0,0.0,16.33,5216
2004-03-07,99.0,99.0,99.0,0.0,16.33,5216
2004-03-08,99.0,98.0,99.0,0.0,16.33,5216
2004-03-09,98.0,97.0,98.0,0.0,16.33,5216
2004-03-10,105.0,99.0,111.0,0.0,16.33,5216
2004-03-11,121.0,119.0,123.0,0.0,16.33,5216
2004-03-12,126.0,125.0,126.0,0.0,16.33,5216
2004-03-13,127.0,126.0,127.0,0.0,16.33,5216
2004-03-14,130.0,129.0,131.0,0.0,16.33,5216
2004-03-15,134.0,132.0,136.0,0.0,16.33,5216
2004-03-16,185.0,139.0,231.0,0.1,,5216
2004-03-17,281.0,238.0,324.0,0.15,24.0,5216
2004-03-18,380.0,375.0,385.0,0.2,2.24,5216
2004-03-19,381.0,379.0,383.0,0.2,2.24,5216
2004-03-20,369.0,363.0,375.0,0.25,2.24,5216
2004-03-21,347.0,344.0,350.0,0.3,2.24,5216
2004-03-22,333.0,329.0,336.0,0.35,2.24,5216
2004-03-23,322.0,319.0,324.0,0.45,2.24,5216
2004-03-24,312.0,307.0,316.0,0.35,2.24,5216
2004-03-25,295.0,291.0,298.0,0.6,24.16,5216
2004-03-26,286.0,286.0,286.0,1.05,24.16,5216
2004-03-27,286.0,286.0,286.0,1.4,24.16,5216
2004-03-28,285.0,284.0,285.0,1.5,29.0,5216
2004-03-29,283.0,282.0,283.0,1.5,29.0,5216
2004-03-30,297.0,281.0,312.0,1.35,29.0,5216
2004-03-31,314.0,312.0,315.0,1.4,29.0,5216
2004-04-01,307.0,305.0,309.0,0.9,29.0,5216
2004-04-02,303.0,302.0,303.0,1.05,29.0,5216
2004-04-03,305.0,303.0,306.0,0.95,29.0,5216
2004-04-04,311.0,309.0,313.0,1.1,29.0,5216
2004-04-05,312.0,310.0,313.0,1.3,29.0,5216
2004-04-06,303.0,300.0,306.0,4.95,29.0,5216
2004-04-07,288.0,284.0,292.0,5.9,29.0,5216
2004-04-08,271.0,267.0,275.0,5.65,29.0,5216
2004-04-09,255.0,251.0,259.0,6.5,29.0,5216
2004-04-10,241.0,238.0,244.0,6.3,29.0,5216
2004-04-11,229.0,225.0,232.0,6.8,29.0,5216
2004-04-12,219.0,217.0,221.0,7.25,29.0,5216
2004-04-13,212.0,210.0,214.0,7.65,29.0,5216
2004-04-14,205.0,203.0,207.0,7.0,29.0,5216
2004-04-15,200.0,199.0,201.0,7.25,29.0,5216
2004-04-16,196.0,195.0,197.0,7.45,29.0,5216
2004-04-17,193.0,192.0,193.0,8.1,29.0,5216
2004-04-18,191.0,191.0,191.0,9.6,29.0,5216
2004-04-19,191.0,190.0,191.0,10.05,29.0,5216
2004-04-20,188.0,188.0,188.0,9.75,29.0,5216
2004-04-21,187.0,186.0,187.0,8.5,29.0,5216
2004-04-22,186.0,186.0,186.0,8.25,29.0,5216
2004-04-23,187.0,186.0,187.0,8.35,29.0,5216
2004-04-24,185.0,184.0,185.0,8.45,29.0,5216
2004-04-25,184.0,183.0,184.0,8.4,29.0,5216
2004-04-26,182.0,181.0,182.0,7.7,29.0,5216
2004-04-27,181.0,181.0,181.0,9.3,29.0,5216
2004-04-28,180.0,180.0,180.0,10.05,29.0,5216
2004-04-29,180.0,180.0,180.0,10.45,29.0,5216
2004-04-30,180.0,180.0,180.0,10.9,29.0,5216
2004-05-01,180.0,180.0,180.0,11.8,29.0,5216
2004-05-02,180.0,179.0,180.0,11.35,29.0,5216
2004-05-03,180.0,179.0,180.0,11.65,29.0,5216
2004-05-04,181.0,180.0,181.0,11.7,29.0,5216
2004-05-05,183.0,182.0,183.0,11.4,29.0,5216
2004-05-06,185.0,184.0,185.0,11.55,29.0,5216
2004-05-07,189.0,187.0,191.0,12.9,29.0,5216
2004-05-08,200.0,197.0,203.0,13.25,29.0,5216
2004-05-09,211.0,207.0,214.0,13.4,29.0,5216
2004-05-10,218.0,217.0,218.0,14.85,29.0,5216
2004-05-11,220.0,219.0,220.0,15.8,29.0,5216
2004-05-12,221.0,221.0,221.0,16.8,29.0,5216
2004-05-13,214.0,214.0,214.0,17.05,29.0,5216
2004-05-14,210.0,208.0,212.0,16.35,29.0,5216
2004-05-15,205.0,202.0,207.0,17.3,29.0,5216
2004-05-16,198.0,197.0,199.0,16.65,29.0,5216
2004-05-17,196.0,195.0,196.0,16.9,29.0,5216
2004-05-18,192.0,191.0,193.0,15.9,29.0,5216
2004-05-19,190.0,189.0,190.0,15.4,29.0,5216
2004-05-20,192.0,191.0,193.0,15.3,29.0,5216
2004-05-21,204.0,203.0,205.0,14.7,29.0,5216
2004-05-22,222.0,214.0,229.0,14.9,29.0,5216
2004-05-23,245.0,234.0,255.0,13.15,29.0,5216
2004-05-24,286.0,276.0,295.0,14.2,29.0,5216
2004-05-25,352.0,351.0,353.0,14.5,29.0,5216
2004-05-26,347.0,345.0,349.0,15.3,29.0,5216
2004-05-27,338.0,335.0,341.0,18.15,29.0,5216
2004-05-28,326.0,323.0,329.0,18.35,29.0,5216
2004-05-29,314.0,311.0,317.0,17.35,29.0,5216
2004-05-30,302.0,298.0,305.0,17.25,29.0,5216
2004-05-31,288.0,285.0,291.0,17.0,29.0,5216
2004-06-01,276.0,273.0,279.0,17.7,29.0,5216
2004-06-02,266.0,263.0,268.0,17.9,29.0,5216
2004-06-03,257.0,255.0,258.0,18.6,29.0,5216
2004-06-04,252.0,251.0,253.0,20.0,29.0,5216
2004-06-05,248.0,247.0,249.0,20.8,29.0,5216
2004-06-06,243.0,241.0,245.0,20.3,29.0,5216
2004-06-07,238.0,236.0,239.0,19.75,29.0,5216
2004-06-08,231.0,229.0,233.0,18.55,29.0,5216
2004-06-09,223.0,221.0,225.0,18.25,29.0,5216
2004-06-10,216.0,214.0,217.0,17.4,29.0,5216
2004-06-11,209.0,206.0,211.0,18.95,29.0,5216
2004-06-12,202.0,201.0,203.0,20.2,29.0,5216
2004-06-13,197.0,196.0,198.0,20.75,29.0,5216
2004-06-14,192.0,191.0,193.0,21.85,29.0,5216
2004-06-15,187.0,186.0,187.0,21.5,29.0,5216
2004-06-16,185.0,185.0,185.0,21.3,29.0,5216
2004-06-17,184.0,183.0,184.0,20.8,29.0,5216
2004-06-18,183.0,182.0,183.0,21.35,29.0,5216
2004-06-19,181.0,180.0,181.0,22.1,29.0,5216
2004-06-20,179.0,179.0,179.0,22.65,29.0,5216
2004-06-21,178.0,177.0,178.0,22.7,29.0,5216
2004-06-22,178.0,177.0,178.0,22.5,29.0,5216
2004-06-23,178.0,177.0,178.0,22.4,29.0,5216
2004-06-24,176.0,175.0,176.0,24.2,29.0,5216
2004-06-25,175.0,175.0,175.0,23.1,29.0,5216
2004-06-26,175.0,175.0,175.0,23.75,29.0,5216
2004-06-27,174.0,173.0,174.0,25.2,29.0,5216
2004-06-28,173.0,173.0,173.0,25.0,29.0,5216
2004-06-29,175.0,175.0,175.0,25.6,29.0,5216
2004-06-30,180.0,180.0,180.0,24.35,29.0,5216
2004-07-01,182.0,181.0,182.0,23.0,29.0,5216
2004-07-02,182.0,181.0,182.0,20.25,29.0,5216
2004-07-03,182.0,182.0,182.0,20.4,29.0,5216
2004-07-04,181.0,181.0,181.0,20.2,29.0,5216
2004-07-05,183.0,181.0,184.0,20.45,29.0,5216
2004-07-06,186.0,185.0,187.0,19.75,29.0,5216
2004-07-07,187.0,186.0,187.0,19.75,29.0,5216
2004-07-08,187.0,186.0,188.0,19.45,29.0,5216
2004-07-09,189.0,189.0,189.0,21.3,29.0,5216
2004-07-10,189.0,189.0,189.0,20.8,29.0,5216
2004-07-11,194.0,192.0,195.0,20.5,29.0,5216
2004-07-12,204.0,199.0,209.0,20.8,29.0,5216
2004-07-13,222.0,218.0,225.0,20.55,29.0,5216
2004-07-14,231.0,229.0,233.0,20.95,29.0,5216
2004-07-15,242.0,239.0,245.0,20.95,29.0,5216
2004-07-16,261.0,255.0,267.0,21.05,29.0,5216
2004-07-17,286.0,280.0,291.0,22.2,29.0,5216
2004-07-18,304.0,301.0,307.0,22.65,29.0,5216
2004-07-19,306.0,305.0,307.0,22.5,29.0,5216
2004-07-20,298.0,294.0,301.0,23.1,29.0,5216
2004-07-21,283.0,279.0,287.0,24.2,29.0,5216
2004-07-22,263.0,258.0,268.0,24.25,29.0,5216
2004-07-23,245.0,240.0,249.0,24.35,29.0,5216
2004-07-24,231.0,227.0,234.0,25.5,29.0,5216
2004-07-25,221.0,219.0,222.0,22.5,29.0,5216
2004-07-26,211.0,208.0,213.0,25.2,29.0,5216
2004-07-27,203.0,201.0,205.0,24.55,29.0,5216
2004-07-28,197.0,197.0,197.0,24.3,29.0,5216
2004-07-29,197.0,197.0,197.0,27.55,29.0,5216
2004-07-30,196.0,195.0,196.0,25.2,29.0,5216
2004-07-31,194.0,194.0,194.0,24.6,29.0,5216
2004-08-01,192.0,191.0,192.0,24.5,29.0,5216
2004-08-02,191.0,191.0,191.0,22.9,29.0,5216
2004-08-03,191.0,191.0,191.0,22.95,29.0,5216
2004-08-04,191.0,191.0,191.0,22.35,29.0,5216
2004-08-05,190.0,190.0,190.0,22.9,29.0,5216
2004-08-06,190.0,190.0,190.0,21.7,29.0,5216
2004-08-07,189.0,189.0,189.0,21.75,29.0,5216
2004-08-08,188.0,188.0,188.0,23.35,29.0,5216
2004-08-09,187.0,187.0,187.0,23.0,29.0,5216
2004-08-10,186.0,185.0,186.0,23.6,29.0,5216
2004-08-11,183.0,182.0,184.0,22.7,29.0,5216
2004-08-12,181.0,181.0,181.0,21.15,29.0,5216
2004-08-13,180.0,179.0,180.0,22.25,29.0,5216
2004-08-14,178.0,177.0,178.0,21.65,29.0,5216
2004-08-15,177.0,177.0,177.0,21.45,29.0,5216
2004-08-16,177.0,176.0,177.0,21.55,29.0,5216
2004-08-17,175.0,174.0,176.0,21.05,29.0,5216
2004-08-18,174.0,173.0,174.0,22.3,29.0,5216
2004-08-19,173.0,173.0,173.0,22.65,29.0,5216
2004-08-20,172.0,172.0,172.0,21.1,29.0,5216
2004-08-21,172.0,171.0,172.0,21.05,29.0,5216
2004-08-22,171.0,171.0,171.0,21.7,29.0,5216
2004-08-23,171.0,171.0,171.0,22.7,29.0,5216
2004-08-24,170.0,170.0,170.0,22.6,29.0,5216
2004-08-25,170.0,170.0,170.0,22.6,29.0,5216
2004-08-26,170.0,169.0,170.0,22.55,29.0,5216
2004-08-27,168.0,168.0,168.0,22.15,29.0,5216
2004-08-28,167.0,167.0,167.0,22.0,29.0,5216
2004-08-29,167.0,167.0,167.0,22.15,29.0,5216
2004-08-30,167.0,166.0,167.0,22.35,29.0,5216
2004-08-31,167.0,166.0,167.0,22.2,29.0,5216
2004-09-01,168.0,168.0,168.0,20.85,29.0,5216
2004-09-02,168.0,168.0,168.0,18.95,29.0,5216
2004-09-03,168.0,168.0,168.0,19.05,29.0,5216
2004-09-04,168.0,168.0,168.0,19.55,29.0,5216
2004-09-05,168.0,167.0,168.0,19.7,29.0,5216
2004-09-06,167.0,167.0,167.0,20.95,29.0,5216
2004-09-07,167.0,167.0,167.0,20.4,29.0,5216
2004-09-08,167.0,167.0,167.0,18.75,29.0,5216
2004-09-09,167.0,167.0,167.0,16.7,29.0,5216
2004-09-10,167.0,167.0,167.0,17.55,29.0,5216
2004-09-11,167.0,167.0,167.0,16.8,29.0,5216
2004-09-12,167.0,167.0,167.0,16.45,29.0,5216
2004-09-13,168.0,168.0,168.0,15.6,29.0,5216
2004-09-14,168.0,168.0,168.0,16.0,29.0,5216
2004-09-15,168.0,168.0,168.0,16.9,29.0,5216
2004-09-16,167.0,166.0,167.0,17.8,29.0,5216
2004-09-17,167.0,166.0,167.0,17.0,29.0,5216
2004-09-18,167.0,167.0,167.0,17.9,29.0,5216
2004-09-19,167.0,167.0,167.0,17.5,29.0,5216
2004-09-20,167.0,167.0,167.0,17.3,29.0,5216
2004-09-21,167.0,166.0,167.0,16.4,29.0,5216
2004-09-22,166.0,166.0,166.0,15.9,29.0,5216
2004-09-23,166.0,166.0,166.0,14.9,29.0,5216
2004-09-24,166.0,166.0,166.0,16.4,29.0,5216
2004-09-25,166.0,165.0,166.0,16.45,29.0,5216
2004-09-26,165.0,165.0,165.0,17.9,29.0,5216
2004-09-27,165.0,165.0,165.0,18.25,29.0,5216
2004-09-28,165.0,164.0,165.0,18.8,29.0,5216
2004-09-29,164.0,164.0,164.0,17.05,29.0,5216
2004-09-30,164.0,164.0,164.0,17.15,29.0,5216
2004-10-01,165.0,164.0,166.0,14.2,29.0,5216
2004-10-02,167.0,166.0,167.0,11.5,29.0,5216
2004-10-03,166.0,166.0,166.0,10.4,29.0,5216
2004-10-04,166.0,166.0,166.0,10.5,29.0,5216
2004-10-05,166.0,166.0,166.0,10.45,29.0,5216
2004-10-06,166.0,166.0,166.0,11.3,29.0,5216
2004-10-07,166.0,166.0,166.0,13.05,29.0,5216
2004-10-08,165.0,165.0,165.0,13.95,29.0,5216
2004-10-09,165.0,165.0,165.0,14.3,29.0,5216
2004-10-10,165.0,165.0,165.0,13.9,29.0,5216
2004-10-11,165.0,165.0,165.0,12.6,29.0,5216
2004-10-12,165.0,165.0,165.0,12.25,29.0,5216
2004-10-13,165.0,165.0,165.0,9.7,29.0,5216
2004-10-14,165.0,165.0,165.0,8.95,29.0,5216
2004-10-15,165.0,165.0,165.0,9.4,29.0,5216
2004-10-16,165.0,165.0,165.0,9.25,29.0,5216
2004-10-17,165.0,165.0,165.0,8.95,29.0,5216
2004-10-18,165.0,165.0,165.0,8.8,29.0,5216
2004-10-19,164.0,164.0,164.0,9.1,29.0,5216
2004-10-20,164.0,164.0,164.0,9.55,29.0,5216
2004-10-21,164.0,164.0,164.0,7.9,29.0,5216
2004-10-22,164.0,164.0,164.0,7.4,29.0,5216
2004-10-23,164.0,164.0,164.0,5.75,29.0,5216
2004-10-24,164.0,164.0,164.0,5.95,29.0,5216
2004-10-25,164.0,164.0,164.0,5.25,29.0,5216
2004-10-26,164.0,164.0,164.0,4.4,29.0,5216
2004-10-27,163.0,163.0,163.0,3.0,2.29,5216
2004-10-28,163.0,163.0,163.0,2.9,2.29,5216
2004-10-29,163.0,163.0,163.0,2.8,2.29,5216
2004-10-30,163.0,163.0,163.0,3.6,29.0,5216
2004-10-31,163.0,163.0,163.0,5.05,29.0,5216
2004-11-01,163.0,163.0,163.0,4.8,29.0,5216
2004-11-02,163.0,163.0,163.0,4.6,29.0,5216
2004-11-03,163.0,163.0,163.0,4.4,29.0,5216
2004-11-04,163.0,163.0,163.0,4.3,29.0,5216
2004-11-05,163.0,163.0,163.0,4.15,29.0,5216
2004-11-06,164.0,164.0,164.0,4.15,29.0,5216
2004-11-07,164.0,164.0,164.0,4.2,29.0,5216
2004-11-08,164.0,164.0,164.0,4.5,29.0,5216
2004-11-09,165.0,164.0,165.0,4.35,29.0,5216
2004-11-10,167.0,166.0,167.0,5.75,29.0,5216
2004-11-11,168.0,168.0,168.0,5.45,29.0,5216
2004-11-12,168.0,168.0,168.0,4.6,29.0,5216
2004-11-13,168.0,168.0,168.0,1.95,2.0,5216
2004-11-14,169.0,168.0,169.0,2.05,2.0,5216
2004-11-15,170.0,169.0,170.0,1.5,2.0,5216
2004-11-16,169.0,168.0,169.0,0.6,15.0,5216
2004-11-17,169.0,168.0,169.0,0.5,15.0,5216
2004-11-18,167.0,167.0,167.0,0.6,15.0,5216
2004-11-19,167.0,167.0,167.0,0.7,15.0,5216
2004-11-20,167.0,167.0,167.0,0.6,15.0,5216
2004-11-21,167.0,167.0,167.0,0.4,15.0,5216
2004-11-22,167.0,167.0,167.0,0.3,15.0,5216
2004-11-23,167.0,166.0,167.0,0.2,15.0,5216
2004-11-24,166.0,166.0,166.0,0.1,15.0,5216
2004-11-25,166.0,166.0,166.0,0.1,15.0,5216
2004-11-26,166.0,166.0,166.0,0.1,15.0,5216
2004-11-27,166.0,165.0,166.0,0.0,15.0,5216
2004-11-28,166.0,165.0,167.0,0.0,15.0,5216
2004-11-29,167.0,166.0,167.0,0.0,16.0,5216
2004-11-30,166.0,166.0,166.0,0.0,16.0,5216
2004-12-01,166.0,166.0,166.0,,16.0,5216
2004-12-02,165.0,165.0,165.0,,16.0,5216
2004-12-03,165.0,165.0,165.0,,16.0,5216
2004-12-04,164.0,164.0,164.0,,16.0,5216
2004-12-05,164.0,164.0,164.0,,16.0,5216
2004-12-06,163.0,163.0,163.0,,16.0,5216
2004-12-07,163.0,163.0,163.0,,16.0,5216
2004-12-08,163.0,163.0,163.0,,16.0,5216
2004-12-09,163.0,163.0,163.0,,16.0,5216
2004-12-10,163.0,163.0,163.0,,16.0,5216
2004-12-11,163.0,163.0,163.0,,16.0,5216
2004-12-12,163.0,163.0,163.0,,16.0,5216
2004-12-13,163.0,163.0,163.0,,16.0,5216
2004-12-14,163.0,163.0,163.0,,16.0,5216
2004-12-15,162.0,162.0,162.0,,16.0,5216
2004-12-16,162.0,162.0,162.0,,16.0,5216
2004-12-17,162.0,162.0,162.0,,16.0,5216
2004-12-18,162.0,162.0,162.0,,16.0,5216
2004-12-19,161.0,161.0,161.0,,16.0,5216
2004-12-20,161.0,161.0,161.0,,16.0,5216
2004-12-21,161.0,161.0,161.0,,16.0,5216
2004-12-22,161.0,161.0,161.0,,16.0,5216
2004-12-23,161.0,161.0,161.0,,16.0,5216
2004-12-24,161.0,161.0,161.0,,16.0,5216
2004-12-25,160.0,160.0,160.0,,16.0,5216
2004-12-26,160.0,160.0,160.0,,16.0,5216
2004-12-27,160.0,160.0,160.0,,16.0,5216
2004-12-28,160.0,160.0,160.0,,16.0,5216
2004-12-29,160.0,160.0,160.0,,16.0,5216
2004-12-30,160.0,160.0,160.0,,16.0,5216
2004-12-31,160.0,160.0,160.0,,16.0,5216
2005-01-01,160.0,160.0,160.0,,16.0,5216
2005-01-02,159.0,159.0,159.0,,16.0,5216
2005-01-03,159.0,159.0,159.0,,16.0,5216
2005-01-04,159.0,159.0,159.0,,16.0,5216
2005-01-05,159.0,159.0,159.0,,16.0,5216
2005-01-06,159.0,159.0,159.0,,16.0,5216
2005-01-07,159.0,159.0,159.0,,16.0,5216
2005-01-08,159.0,159.0,159.0,,16.0,5216
2005-01-09,159.0,159.0,159.0,,16.0,5216
2005-01-10,159.0,159.0,159.0,,16.0,5216
2005-01-11,159.0,159.0,159.0,,16.0,5216
2005-01-12,158.0,158.0,158.0,,16.0,5216
2005-01-13,158.0,158.0,158.0,,16.0,5216
2005-01-14,158.0,158.0,158.0,,16.0,5216
2005-01-15,158.0,158.0,158.0,,16.0,5216
2005-01-16,158.0,158.0,158.0,,16.0,5216
2005-01-17,158.0,158.0,158.0,,16.0,5216
2005-01-18,157.0,157.0,157.0,,16.0,5216
2005-01-19,157.0,157.0,157.0,,16.0,5216
2005-01-20,157.0,157.0,157.0,,16.0,5216
2005-01-21,157.0,157.0,157.0,,16.0,5216
2005-01-22,156.0,156.0,156.0,,16.0,5216
2005-01-23,156.0,156.0,156.0,,16.0,5216
2005-01-24,155.0,155.0,155.0,,16.0,5216
2005-01-25,154.0,154.0,154.0,,16.33,5216
2005-01-26,154.0,154.0,154.0,,16.33,5216
2005-01-27,153.0,153.0,153.0,,16.33,5216
2005-01-28,151.0,151.0,151.0,,16.33,5216
2005-01-29,149.0,149.0,149.0,,16.33,5216
2005-01-30,148.0,148.0,148.0,,16.33,5216
2005-01-31,147.0,147.0,147.0,,16.33,5216
2005-02-01,146.0,146.0,146.0,,16.33,5216
2005-02-02,145.0,145.0,145.0,,16.33,5216
2005-02-03,144.0,144.0,144.0,,16.33,5216
2005-02-04,143.0,143.0,143.0,,16.33,5216
2005-02-05,143.0,143.0,143.0,,16.33,5216
2005-02-06,141.0,141.0,141.0,,16.33,5216
2005-02-07,141.0,141.0,141.0,,16.33,5216
2005-02-08,139.0,139.0,139.0,,16.33,5216
2005-02-09,138.0,138.0,138.0,,16.33,5216
2005-02-10,138.0,138.0,138.0,,16.33,5216
2005-02-11,138.0,138.0,138.0,,16.33,5216
2005-02-12,137.0,137.0,137.0,,16.33,5216
2005-02-13,137.0,137.0,137.0,,16.33,5216
2005-02-14,136.0,136.0,136.0,,16.33,5216
2005-02-15,136.0,136.0,136.0,,16.33,5216
2005-02-16,135.0,135.0,135.0,,16.33,5216
2005-02-17,135.0,135.0,135.0,,16.33,5216
2005-02-18,134.0,134.0,134.0,,16.33,5216
2005-02-19,134.0,134.0,134.0,,16.33,5216
2005-02-20,134.0,134.0,134.0,,16.33,5216
2005-02-21,133.0,133.0,133.0,,16.33,5216
2005-02-22,133.0,133.0,133.0,,16.33,5216
2005-02-23,132.0,132.0,132.0,,16.33,5216
2005-02-24,132.0,132.0,132.0,,16.33,5216
2005-02-25,131.0,131.0,131.0,,16.33,5216
2005-02-26,131.0,131.0,131.0,,16.33,5216
2005-02-27,130.0,130.0,130.0,,16.33,5216
2005-02-28,130.0,130.0,130.0,,16.33,5216
2005-03-01,130.0,130.0,130.0,0.0,16.33,5216
2005-03-02,129.0,128.0,129.0,0.0,16.33,5216
2005-03-03,126.0,125.0,126.0,0.0,16.33,5216
2005-03-04,124.0,124.0,124.0,0.0,16.33,5216
2005-03-05,124.0,123.0,124.0,0.0,16.33,5216
2005-03-06,122.0,122.0,122.0,0.0,16.33,5216
2005-03-07,122.0,122.0,122.0,0.0,16.33,5216
2005-03-08,121.0,121.0,121.0,0.0,16.33,5216
2005-03-09,121.0,121.0,121.0,0.0,16.33,5216
2005-03-10,121.0,121.0,121.0,0.0,16.33,5216
2005-03-11,121.0,121.0,121.0,0.0,16.33,5216
2005-03-12,121.0,121.0,121.0,0.0,16.33,5216
2005-03-13,121.0,121.0,121.0,0.0,16.33,5216
2005-03-14,121.0,120.0,121.0,0.0,16.33,5216
2005-03-15,123.0,121.0,125.0,0.0,16.33,5216
2005-03-16,128.0,125.0,131.0,0.0,16.33,5216
2005-03-17,135.0,133.0,137.0,0.0,16.33,5216
2005-03-18,140.0,139.0,141.0,0.0,16.33,5216
2005-03-19,142.0,142.0,142.0,0.0,16.33,5216
2005-03-20,143.0,142.0,144.0,0.0,16.33,5216
2005-03-21,158.0,144.0,171.0,0.1,24.16,5216
2005-03-22,197.0,182.0,215.0,1.15,24.0,5216
2005-03-23,228.0,225.0,231.0,0.9,24.16,5216
2005-03-24,261.0,233.0,289.0,0.9,24.16,5216
2005-03-25,313.0,301.0,321.0,1.0,24.16,5216
2005-03-26,323.0,321.0,324.0,1.0,24.16,5216
2005-03-27,323.0,321.0,326.0,1.15,24.16,5216
2005-03-28,315.0,311.0,318.0,1.2,25.16,5216
2005-03-29,298.0,291.0,305.0,1.35,25.16,5216
2005-03-30,277.0,275.0,279.0,1.7,25.16,5216
2005-03-31,266.0,261.0,271.0,1.9,25.16,5216
2005-04-01,249.0,241.0,256.0,0.1,25.16,5216
2005-04-02,234.0,231.0,236.0,0.2,16.0,5216
2005-04-03,223.0,221.0,225.0,2.5,15.0,5216
2005-04-04,217.0,215.0,219.0,2.75,16.0,5216
2005-04-05,212.0,211.0,213.0,3.0,16.0,5216
2005-04-06,208.0,207.0,209.0,3.2,16.0,5216
2005-04-07,204.0,203.0,205.0,4.15,29.0,5216
2005-04-08,202.0,201.0,202.0,3.15,29.0,5216
2005-04-09,206.0,205.0,206.0,5.05,29.0,5216
2005-04-10,211.0,208.0,213.0,5.3,29.0,5216
2005-04-11,223.0,221.0,225.0,6.1,29.0,5216
2005-04-12,230.0,229.0,231.0,7.4,29.0,5216
2005-04-13,235.0,235.0,235.0,7.85,29.0,5216
2005-04-14,237.0,235.0,238.0,7.85,29.0,5216
2005-04-15,238.0,238.0,238.0,7.95,29.0,5216
2005-04-16,235.0,235.0,235.0,6.35,29.0,5216
2005-04-17,229.0,226.0,231.0,7.0,29.0,5216
2005-04-18,218.0,215.0,221.0,7.15,29.0,5216
2005-04-19,209.0,207.0,211.0,6.8,29.0,5216
2005-04-20,205.0,205.0,205.0,8.1,29.0,5216
2005-04-21,202.0,201.0,202.0,8.3,29.0,5216
2005-04-22,200.0,199.0,200.0,7.3,29.0,5216
2005-04-23,199.0,199.0,199.0,7.2,29.0,5216
2005-04-24,201.0,199.0,203.0,9.0,29.0,5216
2005-04-25,210.0,208.0,212.0,10.5,29.0,5216
2005-04-26,217.0,215.0,218.0,11.55,29.0,5216
2005-04-27,221.0,220.0,222.0,11.75,29.0,5216
2005-04-28,222.0,222.0,222.0,11.9,29.0,5216
2005-04-29,222.0,221.0,223.0,12.3,29.0,5216
2005-04-30,221.0,220.0,221.0,12.6,29.0,5216
2005-05-01,221.0,220.0,221.0,10.0,29.0,5216
2005-05-02,218.0,215.0,220.0,10.55,29.0,5216
2005-05-03,210.0,209.0,211.0,10.9,29.0,5216
2005-05-04,206.0,205.0,207.0,10.95,29.0,5216
2005-05-05,203.0,203.0,203.0,11.2,29.0,5216
2005-05-06,203.0,202.0,203.0,10.2,29.0,5216
2005-05-07,210.0,209.0,211.0,8.95,29.0,5216
2005-05-08,213.0,211.0,214.0,8.05,29.0,5216
2005-05-09,219.0,217.0,221.0,7.8,29.0,5216
2005-05-10,231.0,226.0,236.0,9.55,29.0,5216
2005-05-11,254.0,248.0,260.0,11.15,29.0,5216
2005-05-12,287.0,279.0,295.0,11.7,29.0,5216
2005-05-13,304.0,303.0,305.0,11.9,29.0,5216
2005-05-14,300.0,298.0,301.0,9.75,29.0,5216
2005-05-15,291.0,288.0,294.0,11.4,29.0,5216
2005-05-16,278.0,275.0,281.0,11.0,29.0,5216
2005-05-17,270.0,268.0,271.0,8.75,29.0,5216
2005-05-18,269.0,266.0,271.0,9.05,29.0,5216
2005-05-19,275.0,273.0,276.0,11.25,29.0,5216
2005-05-20,293.0,287.0,299.0,11.45,29.0,5216
2005-05-21,310.0,305.0,314.0,11.85,29.0,5216
2005-05-22,324.0,324.0,324.0,12.2,29.0,5216
2005-05-23,315.0,311.0,319.0,14.0,29.0,5216
2005-05-24,301.0,296.0,305.0,17.1,29.0,5216
2005-05-25,284.0,279.0,288.0,18.35,29.0,5216
2005-05-26,268.0,265.0,271.0,18.8,29.0,5216
2005-05-27,256.0,253.0,259.0,16.4,29.0,5216
2005-05-28,245.0,242.0,248.0,16.7,29.0,5216
2005-05-29,232.0,229.0,235.0,16.55,29.0,5216
2005-05-30,222.0,219.0,224.0,16.7,29.0,5216
2005-05-31,213.0,210.0,215.0,17.5,29.0,5216
2005-06-01,207.0,205.0,208.0,18.5,29.0,5216
2005-06-02,202.0,201.0,203.0,18.7,29.0,5216
2005-06-03,199.0,197.0,200.0,19.1,29.0,5216
2005-06-04,196.0,195.0,196.0,19.45,29.0,5216
2005-06-05,193.0,192.0,194.0,20.3,29.0,5216
2005-06-06,191.0,190.0,191.0,20.4,29.0,5216
2005-06-07,188.0,187.0,189.0,20.3,29.0,5216
2005-06-08,186.0,186.0,186.0,20.2,29.0,5216
2005-06-09,185.0,184.0,185.0,20.4,29.0,5216
2005-06-10,183.0,183.0,183.0,20.25,29.0,5216
2005-06-11,183.0,183.0,183.0,19.7,29.0,5216
2005-06-12,182.0,182.0,182.0,19.2,29.0,5216
2005-06-13,181.0,181.0,181.0,19.25,29.0,5216
2005-06-14,181.0,181.0,181.0,19.4,29.0,5216
2005-06-15,181.0,180.0,181.0,19.2,29.0,5216
2005-06-16,179.0,179.0,179.0,19.25,29.0,5216
2005-06-17,179.0,179.0,179.0,19.45,29.0,5216
2005-06-18,178.0,177.0,179.0,19.45,29.0,5216
2005-06-19,177.0,177.0,177.0,19.85,29.0,5216
2005-06-20,177.0,177.0,177.0,19.8,29.0,5216
2005-06-21,177.0,177.0,177.0,19.95,29.0,5216
2005-06-22,177.0,177.0,177.0,20.05,29.0,5216
2005-06-23,176.0,175.0,177.0,19.9,29.0,5216
2005-06-24,174.0,174.0,174.0,19.8,29.0,5216
2005-06-25,175.0,174.0,175.0,19.6,29.0,5216
2005-06-26,174.0,173.0,174.0,19.55,29.0,5216
2005-06-27,175.0,174.0,175.0,19.7,29.0,5216
2005-06-28,173.0,173.0,173.0,19.85,29.0,5216
2005-06-29,173.0,173.0,173.0,19.95,29.0,5216
2005-06-30,173.0,172.0,173.0,20.25,29.0,5216
2005-07-01,172.0,172.0,172.0,20.55,29.0,5216
2005-07-02,172.0,171.0,172.0,21.0,29.0,5216
2005-07-03,173.0,173.0,173.0,20.0,29.0,5216
2005-07-04,175.0,173.0,176.0,19.75,29.0,5216
2005-07-05,179.0,178.0,179.0,19.9,29.0,5216
2005-07-06,182.0,180.0,183.0,20.2,29.0,5216
2005-07-07,187.0,185.0,189.0,20.5,29.0,5216
2005-07-08,193.0,192.0,193.0,20.65,29.0,5216
2005-07-09,195.0,193.0,197.0,20.85,29.0,5216
2005-07-10,200.0,199.0,201.0,20.65,29.0,5216
2005-07-11,204.0,203.0,205.0,20.8,29.0,5216
2005-07-12,208.0,207.0,209.0,20.9,29.0,5216
2005-07-13,209.0,209.0,209.0,21.2,29.0,5216
2005-07-14,209.0,209.0,209.0,21.25,29.0,5216
2005-07-15,209.0,209.0,209.0,21.4,29.0,5216
2005-07-16,207.0,205.0,209.0,22.05,29.0,5216
2005-07-17,199.0,197.0,201.0,23.0,29.0,5216
2005-07-18,195.0,195.0,195.0,24.0,29.0,5216
2005-07-19,194.0,192.0,195.0,23.75,29.0,5216
2005-07-20,189.0,187.0,191.0,23.55,29.0,5216
2005-07-21,187.0,186.0,187.0,22.55,29.0,5216
2005-07-22,186.0,185.0,187.0,22.9,29.0,5216
2005-07-23,183.0,182.0,183.0,22.55,29.0,5216
2005-07-24,182.0,181.0,182.0,23.1,29.0,5216
2005-07-25,181.0,180.0,181.0,23.25,29.0,5216
2005-07-26,180.0,179.0,181.0,22.65,29.0,5216
2005-07-27,182.0,182.0,182.0,22.9,29.0,5216
2005-07-28,183.0,182.0,183.0,22.55,29.0,5216
2005-07-29,185.0,185.0,185.0,23.1,29.0,5216
2005-07-30,186.0,186.0,186.0,22.5,29.0,5216
2005-07-31,188.0,187.0,188.0,22.0,29.0,5216
2005-08-01,190.0,189.0,190.0,21.7,31.0,5216
2005-08-02,198.0,194.0,201.0,21.95,31.0,5216
2005-08-03,214.0,205.0,222.0,22.2,31.0,5216
2005-08-04,256.0,231.0,281.0,22.7,31.0,5216
2005-08-05,332.0,288.0,377.0,24.45,31.0,5216
2005-08-06,386.0,385.0,386.0,24.45,31.0,5216
2005-08-07,379.0,377.0,381.0,24.3,31.0,5216
2005-08-08,370.0,367.0,372.0,24.45,31.0,5216
2005-08-09,358.0,355.0,361.0,24.25,31.0,5216
2005-08-10,348.0,344.0,351.0,24.5,31.0,5216
2005-08-11,340.0,337.0,342.0,24.05,31.0,5216
2005-08-12,332.0,331.0,333.0,24.1,31.0,5216
2005-08-13,324.0,321.0,327.0,24.3,31.0,5216
2005-08-14,312.0,309.0,314.0,23.85,31.0,5216
2005-08-15,299.0,295.0,303.0,23.7,31.0,5216
2005-08-16,286.0,281.0,290.0,23.75,31.0,5216
2005-08-17,271.0,267.0,275.0,23.6,31.0,5216
2005-08-18,259.0,257.0,261.0,23.75,31.0,5216
2005-08-19,249.0,247.0,251.0,23.35,31.0,5216
2005-08-20,242.0,240.0,243.0,23.2,31.0,5216
2005-08-21,236.0,235.0,237.0,22.85,31.0,5216
2005-08-22,233.0,233.0,233.0,22.75,31.0,5216
2005-08-23,233.0,232.0,233.0,22.8,31.0,5216
2005-08-24,233.0,232.0,234.0,22.7,31.0,5216
2005-08-25,236.0,235.0,237.0,22.55,31.0,5216
2005-08-26,246.0,241.0,250.0,22.1,31.0,5216
2005-08-27,251.0,250.0,251.0,21.95,31.0,5216
2005-08-28,249.0,248.0,250.0,21.6,31.0,5216
2005-08-29,256.0,253.0,258.0,20.9,31.0,5216
2005-08-30,269.0,265.0,272.0,20.1,31.0,5216
2005-08-31,283.0,279.0,286.0,20.2,31.0,5216
2005-09-01,300.0,291.0,309.0,20.05,31.0,5216
2005-09-02,307.0,306.0,307.0,19.85,31.0,5216
2005-09-03,301.0,296.0,305.0,19.95,31.0,5216
2005-09-04,287.0,284.0,290.0,20.05,31.0,5216
2005-09-05,274.0,273.0,275.0,20.25,31.0,5216
2005-09-06,258.0,255.0,261.0,20.2,31.0,5216
2005-09-07,244.0,241.0,247.0,20.2,31.0,5216
2005-09-08,234.0,231.0,236.0,20.3,31.0,5216
2005-09-09,225.0,222.0,227.0,20.15,31.0,5216
2005-09-10,218.0,216.0,219.0,20.05,31.0,5216
2005-09-11,212.0,211.0,213.0,20.6,31.0,5216
2005-09-12,208.0,206.0,209.0,21.2,31.0,5216
2005-09-13,202.0,201.0,203.0,20.7,31.0,5216
2005-09-14,198.0,197.0,199.0,20.35,31.0,5216
2005-09-15,194.0,193.0,195.0,19.35,31.0,5216
2005-09-16,190.0,189.0,191.0,18.65,31.0,5216
2005-09-17,187.0,187.0,187.0,17.65,31.0,5216
2005-09-18,186.0,185.0,186.0,17.5,31.0,5216
2005-09-19,184.0,184.0,184.0,17.1,31.0,5216
2005-09-20,184.0,184.0,184.0,16.9,31.0,5216
2005-09-21,184.0,184.0,184.0,14.9,32.0,5216
2005-09-22,183.0,183.0,183.0,15.05,32.0,5216
2005-09-23,183.0,182.0,183.0,14.85,32.0,5216
2005-09-24,181.0,181.0,181.0,14.95,32.0,5216
2005-09-25,181.0,181.0,181.0,15.1,32.0,5216
2005-09-26,180.0,180.0,180.0,14.9,32.0,5216
2005-09-27,180.0,179.0,180.0,14.9,32.0,5216
2005-09-28,179.0,179.0,179.0,14.85,32.0,5216
2005-09-29,178.0,177.0,178.0,15.0,32.0,5216
2005-09-30,176.0,176.0,176.0,15.35,32.0,5216
2005-10-01,176.0,176.0,176.0,15.0,32.0,5216
2005-10-02,176.0,176.0,176.0,14.85,32.0,5216
2005-10-03,176.0,175.0,176.0,14.5,32.0,5216
2005-10-04,175.0,175.0,175.0,14.3,32.0,5216
2005-10-05,174.0,173.0,174.0,14.05,32.0,5216
2005-10-06,173.0,173.0,173.0,13.95,32.0,5216
2005-10-07,173.0,173.0,173.0,13.0,32.0,5216
2005-10-08,174.0,174.0,174.0,12.85,32.0,5216
2005-10-09,174.0,174.0,174.0,12.1,32.0,5216
2005-10-10,175.0,174.0,175.0,11.35,32.0,5216
2005-10-11,177.0,175.0,178.0,13.0,32.0,5216
2005-10-12,179.0,179.0,179.0,12.85,32.0,5216
2005-10-13,179.0,179.0,179.0,12.6,32.0,5216
2005-10-14,181.0,180.0,182.0,12.65,32.0,5216
2005-10-15,183.0,182.0,183.0,11.75,32.0,5216
2005-10-16,183.0,182.0,183.0,9.9,32.0,5216
2005-10-17,182.0,181.0,182.0,9.5,32.0,5216
2005-10-18,180.0,179.0,180.0,8.3,32.0,5216
2005-10-19,179.0,179.0,179.0,8.2,32.0,5216
2005-10-20,179.0,178.0,179.0,9.05,32.0,5216
2005-10-21,178.0,178.0,178.0,7.1,29.0,5216
2005-10-22,179.0,179.0,179.0,5.15,29.0,5216
2005-10-23,179.0,179.0,179.0,4.35,29.0,5216
2005-10-24,179.0,178.0,179.0,3.75,29.0,5216
2005-10-25,177.0,177.0,177.0,2.4,2.29,5216
2005-10-26,177.0,176.0,177.0,2.5,2.29,5216
2005-10-27,176.0,175.0,176.0,3.1,29.0,5216
2005-10-28,175.0,175.0,175.0,3.5,29.0,5216
2005-10-29,176.0,175.0,176.0,3.3,29.0,5216
2005-10-30,175.0,174.0,175.0,1.75,2.0,5216
2005-10-31,177.0,176.0,177.0,1.25,2.0,5216
2005-11-01,178.0,178.0,178.0,2.3,29.0,5216
2005-11-02,178.0,177.0,178.0,4.0,29.0,5216
2005-11-03,177.0,176.0,177.0,4.0,29.0,5216
2005-11-04,178.0,176.0,180.0,5.05,29.0,5216
2005-11-05,188.0,185.0,191.0,6.7,29.0,5216
2005-11-06,196.0,195.0,196.0,6.55,29.0,5216
2005-11-07,198.0,197.0,198.0,4.7,29.0,5216
2005-11-08,199.0,198.0,199.0,4.25,29.0,5216
2005-11-09,203.0,201.0,205.0,2.3,2.29,5216
2005-11-10,208.0,207.0,209.0,2.05,2.29,5216
2005-11-11,212.0,211.0,212.0,1.2,2.0,5216
2005-11-12,215.0,214.0,215.0,1.6,2.0,5216
2005-11-13,216.0,215.0,217.0,1.1,2.0,5216
2005-11-14,221.0,219.0,222.0,0.1,15.0,5216
2005-11-15,214.0,211.0,217.0,0.1,15.0,5216
2005-11-16,208.0,207.0,209.0,0.0,15.0,5216
2005-11-17,204.0,203.0,205.0,0.0,15.0,5216
2005-11-18,200.0,199.0,201.0,0.0,15.0,5216
2005-11-19,196.0,195.0,197.0,0.0,15.0,5216
2005-11-20,190.0,187.0,193.0,0.0,15.0,5216
2005-11-21,181.0,179.0,183.0,0.0,15.0,5216
2005-11-22,175.0,175.0,175.0,0.0,15.0,5216
2005-11-23,175.0,175.0,175.0,0.0,15.0,5216
2005-11-24,174.0,173.0,174.0,0.0,15.0,5216
2005-11-25,173.0,173.0,173.0,0.0,15.0,5216
2005-11-26,173.0,173.0,173.0,0.0,15.0,5216
2005-11-27,173.0,172.0,173.0,0.0,15.0,5216
2005-11-28,172.0,171.0,172.0,0.0,15.0,5216
2005-11-29,171.0,170.0,171.0,0.0,15.0,5216
2005-11-30,170.0,170.0,170.0,0.0,15.0,5216
2005-12-01,170.0,170.0,170.0,,16.0,5216
2005-12-02,170.0,170.0,170.0,,16.0,5216
2005-12-03,170.0,170.0,170.0,,16.0,5216
2005-12-04,170.0,170.0,170.0,,16.0,5216
2005-12-05,170.0,170.0,170.0,,16.0,5216
2005-12-06,170.0,170.0,170.0,,16.0,5216
2005-12-07,171.0,171.0,171.0,,16.0,5216
2005-12-08,173.0,173.0,173.0,,16.0,5216
2005-12-09,175.0,175.0,175.0,,16.0,5216
2005-12-10,176.0,176.0,176.0,,16.0,5216
2005-12-11,176.0,176.0,176.0,,16.0,5216
2005-12-12,177.0,177.0,177.0,,16.0,5216
2005-12-13,177.0,177.0,177.0,,16.0,5216
2005-12-14,178.0,178.0,178.0,,16.0,5216
2005-12-15,178.0,178.0,178.0,,16.0,5216
2005-12-16,179.0,179.0,179.0,,16.0,5216
2005-12-17,179.0,179.0,179.0,,16.0,5216
2005-12-18,179.0,179.0,179.0,,16.0,5216
2005-12-19,180.0,180.0,180.0,,16.0,5216
2005-12-20,180.0,180.0,180.0,,16.0,5216
2005-12-21,180.0,180.0,180.0,,16.0,5216
2005-12-22,179.0,179.0,179.0,,16.0,5216
2005-12-23,178.0,178.0,178.0,,16.0,5216
2005-12-24,176.0,176.0,176.0,,16.0,5216
2005-12-25,175.0,175.0,175.0,,16.0,5216
2005-12-26,174.0,174.0,174.0,,16.0,5216
2005-12-27,172.0,172.0,172.0,,16.0,5216
2005-12-28,171.0,171.0,171.0,,16.0,5216
2005-12-29,171.0,171.0,171.0,,16.0,5216
2005-12-30,170.0,170.0,170.0,,16.0,5216
2005-12-31,170.0,170.0,170.0,,16.0,5216
2006-01-01,169.0,169.0,169.0,,16.0,5216
2006-01-02,169.0,169.0,169.0,,16.0,5216
2006-01-03,168.0,168.0,168.0,,16.0,5216
2006-01-04,167.0,167.0,167.0,,16.0,5216
2006-01-05,166.0,166.0,166.0,,16.0,5216
2006-01-06,165.0,165.0,165.0,,16.0,5216
2006-01-07,164.0,164.0,164.0,,16.0,5216
2006-01-08,163.0,163.0,163.0,,16.0,5216
2006-01-09,162.0,162.0,162.0,,16.0,5216
2006-01-10,161.0,161.0,161.0,,16.0,5216
2006-01-11,160.0,160.0,160.0,,16.0,5216
2006-01-12,159.0,159.0,159.0,,16.33,5216
2006-01-13,158.0,158.0,158.0,,16.33,5216
2006-01-14,157.0,157.0,157.0,,16.33,5216
2006-01-15,156.0,156.0,156.0,,16.33,5216
2006-01-16,155.0,155.0,155.0,,16.33,5216
2006-01-17,153.0,153.0,153.0,,16.33,5216
2006-01-18,151.0,151.0,151.0,,16.33,5216
2006-01-19,149.0,149.0,149.0,,16.33,5216
2006-01-20,146.0,146.0,146.0,,16.33,5216
2006-01-21,145.0,145.0,145.0,,16.33,5216
2006-01-22,143.0,143.0,143.0,,16.33,5216
2006-01-23,143.0,143.0,143.0,,16.33,5216
2006-01-24,142.0,142.0,142.0,,16.33,5216
2006-01-25,141.0,141.0,141.0,,16.33,5216
2006-01-26,139.0,139.0,139.0,,16.33,5216
2006-01-27,138.0,138.0,138.0,,16.33,5216
2006-01-28,137.0,137.0,137.0,,16.33,5216
2006-01-29,136.0,136.0,136.0,,16.33,5216
2006-01-30,136.0,136.0,136.0,,16.33,5216
2006-01-31,135.0,135.0,135.0,,16.33,5216
2006-02-01,135.0,135.0,135.0,,16.33,5216
2006-02-02,134.0,134.0,134.0,,16.33,5216
2006-02-03,132.0,132.0,132.0,,16.33,5216
2006-02-04,131.0,131.0,131.0,,16.33,5216
2006-02-05,130.0,130.0,130.0,,16.33,5216
2006-02-06,129.0,129.0,129.0,,16.33,5216
2006-02-07,128.0,128.0,128.0,,16.33,5216
2006-02-08,127.0,127.0,127.0,,16.33,5216
2006-02-09,126.0,126.0,126.0,,16.33,5216
2006-02-10,125.0,125.0,125.0,,16.33,5216
2006-02-11,124.0,124.0,124.0,,16.33,5216
2006-02-12,123.0,123.0,123.0,,16.33,5216
2006-02-13,121.0,121.0,121.0,,16.33,5216
2006-02-14,121.0,121.0,121.0,,16.33,5216
2006-02-15,120.0,120.0,120.0,,16.33,5216
2006-02-16,120.0,120.0,120.0,,16.33,5216
2006-02-17,119.0,119.0,119.0,,16.33,5216
2006-02-18,119.0,119.0,119.0,,16.33,5216
2006-02-19,118.0,118.0,118.0,,16.33,5216
2006-02-20,118.0,118.0,118.0,,16.33,5216
2006-02-21,117.0,117.0,117.0,,16.33,5216
2006-02-22,116.0,116.0,116.0,,16.33,5216
2006-02-23,116.0,116.0,116.0,,16.33,5216
2006-02-24,115.0,115.0,115.0,,16.33,5216
2006-02-25,115.0,115.0,115.0,,16.33,5216
2006-02-26,114.0,114.0,114.0,,16.33,5216
2006-02-27,113.0,113.0,113.0,,16.33,5216
2006-02-28,112.0,112.0,112.0,,16.33,5216
2006-03-01,111.0,111.0,111.0,0.0,16.33,5216
2006-03-02,110.0,110.0,110.0,0.0,16.33,5216
2006-03-03,109.0,109.0,109.0,0.0,16.33,5216
2006-03-04,109.0,109.0,109.0,0.0,16.33,5216
2006-03-05,109.0,108.0,109.0,0.0,16.33,5216
2006-03-06,107.0,107.0,107.0,0.0,16.33,5216
2006-03-07,107.0,107.0,107.0,0.0,16.33,5216
2006-03-08,106.0,106.0,106.0,0.0,16.33,5216
2006-03-09,107.0,106.0,108.0,0.0,16.33,5216
2006-03-10,111.0,110.0,112.0,0.0,16.33,5216
2006-03-11,115.0,114.0,115.0,0.0,16.33,5216
2006-03-12,115.0,115.0,115.0,0.0,16.33,5216
2006-03-13,115.0,115.0,115.0,0.0,16.33,5216
2006-03-14,116.0,115.0,116.0,0.0,16.33,5216
2006-03-15,119.0,116.0,121.0,0.1,16.33,5216
2006-03-16,128.0,123.0,132.0,0.1,16.33,5216
2006-03-17,144.0,143.0,145.0,0.5,16.33,5216
2006-03-18,147.0,146.0,147.0,0.5,16.33,5216
2006-03-19,148.0,147.0,148.0,0.0,16.33,5216
2006-03-20,149.0,148.0,149.0,0.0,16.33,5216
2006-03-21,151.0,150.0,151.0,0.0,16.0,5216
2006-03-22,182.0,153.0,211.0,0.1,24.16,5216
2006-03-23,283.0,236.0,318.0,0.3,24.0,5216
2006-03-24,314.0,311.0,316.0,0.1,24.16,5216
2006-03-25,305.0,303.0,307.0,0.3,25.16,5216
2006-03-26,300.0,298.0,301.0,0.1,25.16,5216
2006-03-27,295.0,293.0,296.0,0.3,25.16,5216
2006-03-28,291.0,291.0,291.0,0.4,25.16,5216
2006-03-29,291.0,290.0,291.0,0.1,,5216
2006-03-30,289.0,288.0,289.0,0.1,15.0,5216
2006-03-31,284.0,281.0,286.0,0.1,15.16,5216
2006-04-01,274.0,271.0,276.0,0.1,15.0,5216
2006-04-02,263.0,261.0,265.0,0.1,15.0,5216
2006-04-03,254.0,251.0,256.0,0.1,15.0,5216
2006-04-04,242.0,239.0,245.0,0.1,15.0,5216
2006-04-05,228.0,224.0,231.0,0.3,15.0,5216
2006-04-06,214.0,211.0,217.0,0.3,15.16,5216
2006-04-07,202.0,199.0,204.0,0.6,29.16,5216
2006-04-08,193.0,191.0,194.0,0.7,29.0,5216
2006-04-09,186.0,183.0,188.0,1.1,29.0,5216
2006-04-10,186.0,183.0,188.0,2.7,29.0,5216
2006-04-11,195.0,191.0,198.0,5.0,29.0,5216
2006-04-12,210.0,206.0,214.0,5.75,29.0,5216
2006-04-13,224.0,221.0,227.0,5.15,29.0,5216
2006-04-14,234.0,231.0,236.0,5.4,29.0,5216
2006-04-15,240.0,239.0,241.0,5.6,29.0,5216
2006-04-16,241.0,239.0,243.0,5.25,29.0,5216
2006-04-17,233.0,229.0,237.0,3.2,29.0,5216
2006-04-18,217.0,213.0,221.0,4.6,29.0,5216
2006-04-19,207.0,205.0,209.0,4.4,29.0,5216
2006-04-20,204.0,203.0,205.0,3.2,29.0,5216
2006-04-21,208.0,207.0,208.0,3.4,29.0,5216
2006-04-22,210.0,209.0,211.0,4.4,29.0,5216
2006-04-23,249.0,213.0,285.0,4.35,29.0,5216
2006-04-24,355.0,319.0,379.0,4.85,29.0,5216
2006-04-25,385.0,383.0,387.0,4.75,29.0,5216
2006-04-26,383.0,381.0,385.0,6.9,29.0,5216
2006-04-27,369.0,365.0,373.0,9.65,29.0,5216
2006-04-28,354.0,351.0,357.0,9.85,29.0,5216
2006-04-29,342.0,339.0,345.0,9.75,29.0,5216
2006-04-30,334.0,333.0,335.0,8.35,29.0,5216
2006-05-01,342.0,332.0,351.0,7.9,29.0,5216
2006-05-02,352.0,352.0,352.0,10.1,29.0,5216
2006-05-03,348.0,347.0,349.0,10.8,29.0,5216
2006-05-04,343.0,341.0,345.0,10.95,29.0,5216
2006-05-05,333.0,330.0,336.0,10.65,29.0,5216
2006-05-06,321.0,317.0,325.0,10.65,29.0,5216
2006-05-07,309.0,306.0,311.0,10.1,29.0,5216
2006-05-08,298.0,295.0,301.0,10.25,29.0,5216
2006-05-09,288.0,285.0,290.0,11.15,29.0,5216
2006-05-10,282.0,281.0,282.0,9.4,29.0,5216
2006-05-11,278.0,277.0,279.0,9.3,29.0,5216
2006-05-12,276.0,275.0,276.0,11.25,29.0,5216
2006-05-13,272.0,271.0,273.0,13.2,29.0,5216
2006-05-14,267.0,266.0,268.0,13.3,29.0,5216
2006-05-15,260.0,259.0,261.0,14.4,29.0,5216
2006-05-16,255.0,253.0,256.0,14.55,29.0,5216
2006-05-17,250.0,248.0,251.0,14.6,29.0,5216
2006-05-18,243.0,241.0,245.0,14.4,29.0,5216
2006-05-19,237.0,235.0,238.0,14.25,29.0,5216
2006-05-20,229.0,227.0,231.0,14.05,29.0,5216
2006-05-21,222.0,220.0,223.0,14.4,29.0,5216
2006-05-22,217.0,217.0,217.0,13.1,29.0,5216
2006-05-23,216.0,215.0,217.0,13.1,29.0,5216
2006-05-24,213.0,212.0,214.0,14.75,29.0,5216
2006-05-25,211.0,211.0,211.0,14.8,29.0,5216
2006-05-26,210.0,209.0,210.0,14.25,29.0,5216
2006-05-27,208.0,208.0,208.0,14.45,29.0,5216
2006-05-28,208.0,208.0,208.0,14.7,29.0,5216
2006-05-29,209.0,208.0,209.0,15.05,29.0,5216
2006-05-30,210.0,210.0,210.0,15.25,29.0,5216
2006-05-31,208.0,206.0,210.0,16.15,29.0,5216
2006-06-01,203.0,202.0,204.0,18.9,29.0,5216
2006-06-02,201.0,200.0,201.0,20.65,29.0,5216
2006-06-03,199.0,198.0,199.0,19.1,29.0,5216
2006-06-04,196.0,195.0,197.0,15.25,29.0,5216
2006-06-05,193.0,193.0,193.0,15.35,29.0,5216
2006-06-06,193.0,192.0,193.0,15.15,29.0,5216
2006-06-07,192.0,191.0,192.0,15.35,29.0,5216
2006-06-08,189.0,187.0,190.0,15.8,29.0,5216
2006-06-09,191.0,189.0,193.0,15.3,29.0,5216
2006-06-10,199.0,198.0,200.0,15.1,29.0,5216
2006-06-11,203.0,203.0,203.0,15.8,29.0,5216
2006-06-12,205.0,203.0,207.0,16.0,29.0,5216
2006-06-13,215.0,212.0,217.0,16.35,29.0,5216
2006-06-14,221.0,219.0,223.0,16.5,29.0,5216
2006-06-15,232.0,227.0,237.0,16.5,29.0,5216
2006-06-16,249.0,245.0,252.0,16.6,29.0,5216
2006-06-17,266.0,260.0,272.0,16.7,29.0,5216
2006-06-18,285.0,279.0,290.0,17.05,29.0,5216
2006-06-19,299.0,297.0,301.0,17.4,29.0,5216
2006-06-20,311.0,309.0,313.0,17.4,29.0,5216
2006-06-21,323.0,317.0,329.0,17.85,29.0,5216
2006-06-22,347.0,347.0,347.0,18.15,29.0,5216
2006-06-23,342.0,333.0,351.0,18.5,29.0,5216
2006-06-24,329.0,328.0,329.0,18.65,29.0,5216
2006-06-25,335.0,328.0,342.0,18.8,29.0,5216
2006-06-26,356.0,349.0,362.0,18.85,29.0,5216
2006-06-27,369.0,369.0,369.0,19.2,29.0,5216
2006-06-28,367.0,365.0,369.0,19.35,29.0,5216
2006-06-29,356.0,352.0,359.0,19.5,29.0,5216
2006-06-30,344.0,341.0,346.0,19.95,29.0,5216
2006-07-01,330.0,323.0,336.0,20.5,29.0,5216
2006-07-02,313.0,309.0,316.0,20.7,29.0,5216
2006-07-03,297.0,293.0,301.0,21.3,29.0,5216
2006-07-04,285.0,282.0,288.0,21.7,29.0,5216
2006-07-05,275.0,272.0,277.0,21.0,29.0,5216
2006-07-06,264.0,261.0,267.0,21.5,29.0,5216
2006-07-07,252.0,249.0,255.0,21.2,29.0,5216
2006-07-08,242.0,241.0,243.0,21.2,29.0,5216
2006-07-09,229.0,226.0,232.0,21.2,29.0,5216
2006-07-10,218.0,216.0,219.0,20.5,29.0,5216
2006-07-11,211.0,209.0,212.0,20.7,29.0,5216
2006-07-12,206.0,205.0,207.0,20.8,29.0,5216
2006-07-13,203.0,202.0,204.0,20.8,29.0,5216
2006-07-14,200.0,199.0,200.0,20.8,29.0,5216
2006-07-15,198.0,197.0,198.0,21.0,29.0,5216
2006-07-16,196.0,196.0,196.0,20.7,29.0,5216
2006-07-17,196.0,195.0,196.0,20.8,29.0,5216
2006-07-18,195.0,195.0,195.0,21.0,29.0,5216
2006-07-19,194.0,193.0,194.0,21.1,29.0,5216
2006-07-20,192.0,192.0,192.0,21.3,29.0,5216
2006-07-21,192.0,192.0,192.0,21.1,29.0,5216
2006-07-22,192.0,192.0,192.0,21.1,29.0,5216
2006-07-23,194.0,192.0,195.0,21.2,29.0,5216
2006-07-24,199.0,199.0,199.0,20.9,29.0,5216
2006-07-25,199.0,199.0,199.0,21.0,29.0,5216
2006-07-26,199.0,198.0,199.0,21.2,29.0,5216
2006-07-27,197.0,196.0,197.0,21.0,29.0,5216
2006-07-28,195.0,194.0,196.0,21.0,29.0,5216
2006-07-29,192.0,191.0,193.0,21.3,29.0,5216
2006-07-30,189.0,189.0,189.0,21.4,29.0,5216
2006-07-31,190.0,189.0,191.0,21.4,29.0,5216
2006-08-01,196.0,195.0,196.0,21.6,29.0,5216
2006-08-02,197.0,197.0,197.0,20.85,29.0,5216
2006-08-03,197.0,196.0,197.0,20.9,29.0,5216
2006-08-04,196.0,196.0,196.0,21.2,29.0,5216
2006-08-05,198.0,196.0,199.0,21.3,29.0,5216
2006-08-06,203.0,201.0,205.0,21.05,29.0,5216
2006-08-07,210.0,209.0,211.0,21.2,29.0,5216
2006-08-08,213.0,213.0,213.0,21.05,29.0,5216
2006-08-09,212.0,211.0,213.0,21.25,29.0,5216
2006-08-10,209.0,208.0,209.0,21.1,29.0,5216
2006-08-11,207.0,207.0,207.0,21.3,29.0,5216
2006-08-12,209.0,207.0,210.0,21.45,29.0,5216
2006-08-13,215.0,213.0,217.0,21.3,29.0,5216
2006-08-14,229.0,223.0,235.0,21.3,29.0,5216
2006-08-15,252.0,239.0,264.0,21.55,29.0,5216
2006-08-16,307.0,295.0,318.0,21.7,29.0,5216
2006-08-17,334.0,332.0,336.0,21.7,29.0,5216
2006-08-18,335.0,331.0,338.0,21.8,29.0,5216
2006-08-19,320.0,317.0,323.0,21.85,29.0,5216
2006-08-20,309.0,306.0,311.0,21.85,29.0,5216
2006-08-21,297.0,291.0,303.0,21.25,29.0,5216
2006-08-22,275.0,269.0,281.0,21.25,29.0,5216
2006-08-23,256.0,253.0,259.0,21.4,29.0,5216
2006-08-24,246.0,245.0,247.0,21.2,29.0,5216
2006-08-25,244.0,243.0,244.0,21.5,29.0,5216
2006-08-26,241.0,241.0,241.0,21.65,29.0,5216
2006-08-27,244.0,241.0,246.0,21.45,29.0,5216
2006-08-28,268.0,266.0,269.0,21.45,29.0,5216
2006-08-29,263.0,261.0,264.0,21.6,29.0,5216
2006-08-30,274.0,261.0,286.0,21.6,29.0,5216
2006-08-31,341.0,314.0,360.0,21.8,29.0,5216
2006-09-01,364.0,363.0,365.0,21.7,29.0,5216
2006-09-02,364.0,362.0,365.0,21.5,29.0,5216
2006-09-03,354.0,351.0,357.0,21.5,29.0,5216
2006-09-04,344.0,339.0,349.0,21.2,29.0,5216
2006-09-05,328.0,323.0,333.0,20.9,29.0,5216
2006-09-06,315.0,312.0,317.0,20.3,29.0,5216
2006-09-07,313.0,307.0,319.0,19.5,29.0,5216
2006-09-08,327.0,323.0,331.0,19.3,29.0,5216
2006-09-09,344.0,342.0,346.0,19.0,29.0,5216
2006-09-10,348.0,344.0,351.0,18.8,29.0,5216
2006-09-11,335.0,331.0,339.0,18.7,29.0,5216
2006-09-12,320.0,317.0,323.0,18.6,29.0,5216
2006-09-13,314.0,313.0,315.0,18.4,29.0,5216
2006-09-14,322.0,319.0,324.0,18.3,29.0,5216
2006-09-15,327.0,326.0,328.0,18.2,29.0,5216
2006-09-16,323.0,321.0,324.0,18.2,29.0,5216
2006-09-17,315.0,311.0,319.0,18.1,29.0,5216
2006-09-18,298.0,293.0,303.0,18.0,29.0,5216
2006-09-19,284.0,281.0,287.0,18.0,29.0,5216
2006-09-20,265.0,261.0,269.0,17.9,29.0,5216
2006-09-21,249.0,245.0,252.0,17.7,29.0,5216
2006-09-22,237.0,235.0,238.0,17.6,29.0,5216
2006-09-23,231.0,230.0,231.0,17.5,29.0,5216
2006-09-24,229.0,228.0,229.0,17.4,29.0,5216
2006-09-25,224.0,221.0,227.0,17.2,29.0,5216
2006-09-26,216.0,214.0,217.0,17.0,29.0,5216
2006-09-27,209.0,207.0,211.0,16.8,29.0,5216
2006-09-28,203.0,203.0,203.0,16.7,29.0,5216
2006-09-29,206.0,205.0,206.0,16.5,29.0,5216
2006-09-30,203.0,202.0,203.0,16.3,29.0,5216
2006-10-01,201.0,201.0,201.0,16.1,29.0,5216
2006-10-02,201.0,201.0,201.0,15.8,29.0,5216
2006-10-03,201.0,201.0,201.0,15.5,29.0,5216
2006-10-04,204.0,203.0,205.0,15.7,29.0,5216
2006-10-05,208.0,206.0,209.0,15.7,29.0,5216
2006-10-06,212.0,211.0,212.0,15.3,29.0,5216
2006-10-07,213.0,213.0,213.0,14.7,29.0,5216
2006-10-08,212.0,211.0,213.0,14.4,29.0,5216
2006-10-09,208.0,207.0,208.0,14.2,29.0,5216
2006-10-10,208.0,207.0,209.0,12.9,29.0,5216
2006-10-11,204.0,203.0,205.0,12.7,29.0,5216
2006-10-12,202.0,201.0,202.0,12.5,29.0,5216
2006-10-13,199.0,198.0,199.0,12.2,29.0,5216
2006-10-14,197.0,196.0,197.0,11.9,29.0,5216
2006-10-15,196.0,195.0,196.0,11.7,29.0,5216
2006-10-16,194.0,193.0,194.0,10.6,29.0,5216
2006-10-17,193.0,193.0,193.0,8.7,29.0,5216
2006-10-18,193.0,193.0,193.0,7.5,29.0,5216
2006-10-19,193.0,192.0,193.0,7.6,29.0,5216
2006-10-20,192.0,192.0,192.0,7.3,29.0,5216
2006-10-21,192.0,191.0,192.0,7.1,29.0,5216
2006-10-22,191.0,190.0,191.0,7.1,29.0,5216
2006-10-23,190.0,189.0,191.0,5.5,29.0,5216
2006-10-24,193.0,192.0,193.0,4.4,29.0,5216
2006-10-25,195.0,195.0,195.0,4.8,29.0,5216
2006-10-26,195.0,195.0,195.0,4.6,29.0,5216
2006-10-27,195.0,195.0,195.0,4.5,29.0,5216
2006-10-28,195.0,194.0,195.0,4.4,29.0,5216
2006-10-29,193.0,193.0,193.0,4.1,29.0,5216
2006-10-30,193.0,193.0,193.0,3.9,29.0,5216
2006-10-31,193.0,193.0,193.0,4.1,29.0,5216
2006-11-01,193.0,193.0,193.0,3.8,29.0,5216
2006-11-02,193.0,192.0,193.0,3.9,29.0,5216
2006-11-03,192.0,192.0,192.0,4.3,29.0,5216
2006-11-04,191.0,191.0,191.0,4.1,29.0,5216
2006-11-05,192.0,191.0,192.0,4.3,29.0,5216
2006-11-06,193.0,193.0,193.0,4.3,29.0,5216
2006-11-07,194.0,193.0,194.0,3.8,29.0,5216
2006-11-08,198.0,194.0,201.0,3.9,29.0,5216
2006-11-09,220.0,219.0,221.0,3.9,29.0,5216
2006-11-10,223.0,222.0,223.0,2.1,2.29,5216
2006-11-11,227.0,224.0,230.0,1.0,2.0,5216
2006-11-12,238.0,237.0,238.0,1.0,2.0,5216
2006-11-13,237.0,235.0,239.0,0.1,15.0,5216
2006-11-14,229.0,227.0,231.0,0.0,15.0,5216
2006-11-15,222.0,219.0,225.0,0.0,15.0,5216
2006-11-16,215.0,215.0,215.0,0.0,15.0,5216
2006-11-17,212.0,211.0,213.0,0.0,15.0,5216
2006-11-18,210.0,209.0,211.0,0.0,15.0,5216
2006-11-19,203.0,199.0,207.0,0.0,15.0,5216
2006-11-20,189.0,188.0,189.0,0.0,15.0,5216
2006-11-21,187.0,187.0,187.0,0.0,15.0,5216
2006-11-22,186.0,185.0,187.0,0.0,16.0,5216
2006-11-23,193.0,191.0,195.0,0.0,16.0,5216
2006-11-24,187.0,186.0,187.0,0.0,16.0,5216
2006-11-25,185.0,184.0,185.0,0.0,16.0,5216
2006-11-26,182.0,181.0,182.0,0.0,16.0,5216
2006-11-27,180.0,179.0,180.0,0.0,16.0,5216
2006-11-28,177.0,177.0,177.0,0.0,16.0,5216
2006-11-29,177.0,176.0,177.0,0.0,16.0,5216
2006-11-30,174.0,173.0,174.0,0.0,16.0,5216
2006-12-01,173.0,173.0,173.0,,16.0,5216
2006-12-02,174.0,174.0,174.0,,16.0,5216
2006-12-03,174.0,174.0,174.0,,16.0,5216
2006-12-04,174.0,174.0,174.0,,16.0,5216
2006-12-05,174.0,174.0,174.0,,16.0,5216
2006-12-06,174.0,174.0,174.0,,16.0,5216
2006-12-07,174.0,174.0,174.0,,16.0,5216
2006-12-08,174.0,174.0,174.0,,16.0,5216
2006-12-09,174.0,174.0,174.0,,16.0,5216
2006-12-10,174.0,174.0,174.0,,16.0,5216
2006-12-11,173.0,173.0,173.0,,16.0,5216
2006-12-12,173.0,173.0,173.0,,16.0,5216
2006-12-13,172.0,172.0,172.0,,16.0,5216
2006-12-14,172.0,172.0,172.0,,16.0,5216
2006-12-15,171.0,171.0,171.0,,16.0,5216
2006-12-16,170.0,170.0,170.0,,16.0,5216
2006-12-17,169.0,169.0,169.0,,16.0,5216
2006-12-18,168.0,168.0,168.0,,16.0,5216
2006-12-19,167.0,167.0,167.0,,16.0,5216
2006-12-20,167.0,167.0,167.0,,16.0,5216
2006-12-21,166.0,166.0,166.0,,16.0,5216
2006-12-22,166.0,166.0,166.0,,16.0,5216
2006-12-23,165.0,165.0,165.0,,16.0,5216
2006-12-24,165.0,165.0,165.0,,16.0,5216
2006-12-25,164.0,164.0,164.0,,16.0,5216
2006-12-26,163.0,163.0,163.0,,16.0,5216
2006-12-27,162.0,162.0,162.0,,16.0,5216
2006-12-28,162.0,162.0,162.0,,16.0,5216
2006-12-29,161.0,161.0,161.0,,16.0,5216
2006-12-30,161.0,161.0,161.0,,16.0,5216
2006-12-31,160.0,160.0,160.0,,16.0,5216
2007-01-01,160.0,160.0,160.0,,16.0,5216
2007-01-02,160.0,160.0,160.0,,16.0,5216
2007-01-03,160.0,160.0,160.0,,16.0,5216
2007-01-04,159.0,159.0,159.0,,16.0,5216
2007-01-05,159.0,159.0,159.0,,16.0,5216
2007-01-06,159.0,159.0,159.0,,16.0,5216
2007-01-07,158.0,158.0,158.0,,16.0,5216
2007-01-08,158.0,158.0,158.0,,16.0,5216
2007-01-09,158.0,158.0,158.0,,16.0,5216
2007-01-10,157.0,157.0,157.0,,16.0,5216
2007-01-11,157.0,157.0,157.0,,16.33,5216
2007-01-12,157.0,157.0,157.0,,16.33,5216
2007-01-13,156.0,156.0,156.0,,16.33,5216
2007-01-14,155.0,155.0,155.0,,16.33,5216
2007-01-15,154.0,154.0,154.0,,16.33,5216
2007-01-16,153.0,153.0,153.0,,16.33,5216
2007-01-17,152.0,152.0,152.0,,16.33,5216
2007-01-18,151.0,151.0,151.0,,16.33,5216
2007-01-19,151.0,151.0,151.0,,16.33,5216
2007-01-20,150.0,150.0,150.0,,16.33,5216
2007-01-21,150.0,150.0,150.0,,16.33,5216
2007-01-22,149.0,149.0,149.0,,16.33,5216
2007-01-23,149.0,149.0,149.0,,16.33,5216
2007-01-24,148.0,148.0,148.0,,16.33,5216
2007-01-25,147.0,147.0,147.0,,16.33,5216
2007-01-26,146.0,146.0,146.0,,16.33,5216
2007-01-27,145.0,145.0,145.0,,16.33,5216
2007-01-28,143.0,143.0,143.0,,16.33,5216
2007-01-29,142.0,142.0,142.0,,16.33,5216
2007-01-30,141.0,141.0,141.0,,16.33,5216
2007-01-31,140.0,140.0,140.0,,16.33,5216
2007-02-01,139.0,139.0,139.0,,16.33,5216
2007-02-02,138.0,138.0,138.0,,16.33,5216
2007-02-03,136.0,136.0,136.0,,16.33,5216
2007-02-04,134.0,134.0,134.0,,16.33,5216
2007-02-05,132.0,132.0,132.0,,16.33,5216
2007-02-06,131.0,131.0,131.0,,16.33,5216
2007-02-07,131.0,131.0,131.0,,16.33,5216
2007-02-08,130.0,130.0,130.0,,16.33,5216
2007-02-09,130.0,130.0,130.0,,16.33,5216
2007-02-10,129.0,129.0,129.0,,16.33,5216
2007-02-11,129.0,129.0,129.0,,16.33,5216
2007-02-12,128.0,128.0,128.0,,16.33,5216
2007-02-13,128.0,128.0,128.0,,16.33,5216
2007-02-14,127.0,127.0,127.0,,16.33,5216
2007-02-15,127.0,127.0,127.0,,16.33,5216
2007-02-16,126.0,126.0,126.0,,16.33,5216
2007-02-17,125.0,125.0,125.0,,16.33,5216
2007-02-18,124.0,124.0,124.0,,16.33,5216
2007-02-19,124.0,124.0,124.0,,16.33,5216
2007-02-20,123.0,123.0,123.0,,16.33,5216
2007-02-21,124.0,124.0,124.0,,16.33,5216
2007-02-22,126.0,126.0,126.0,,16.33,5216
2007-02-23,128.0,128.0,128.0,,16.33,5216
2007-02-24,130.0,130.0,130.0,,16.33,5216
2007-02-25,132.0,132.0,132.0,,16.33,5216
2007-02-26,134.0,134.0,134.0,,16.33,5216
2007-02-27,136.0,136.0,136.0,,16.33,5216
2007-02-28,138.0,138.0,138.0,,16.33,5216
2007-03-01,140.0,139.0,140.0,0.0,16.33,5216
2007-03-02,143.0,139.0,146.0,0.0,16.33,5216
2007-03-03,147.0,146.0,147.0,0.0,16.33,5216
2007-03-04,147.0,147.0,147.0,0.0,16.33,5216
2007-03-05,147.0,147.0,147.0,0.0,16.33,5216
2007-03-06,147.0,147.0,147.0,0.0,16.33,5216
2007-03-07,147.0,146.0,147.0,0.0,16.33,5216
2007-03-08,145.0,145.0,145.0,0.0,16.33,5216
2007-03-09,144.0,144.0,144.0,0.0,16.33,5216
2007-03-10,143.0,143.0,143.0,0.0,16.33,5216
2007-03-11,142.0,142.0,142.0,0.0,16.33,5216
2007-03-12,141.0,141.0,141.0,0.0,16.33,5216
2007-03-13,140.0,140.0,140.0,0.0,16.33,5216
2007-03-14,141.0,140.0,142.0,0.0,16.33,5216
2007-03-15,143.0,142.0,144.0,0.0,16.33,5216
2007-03-16,146.0,144.0,147.0,0.1,,5216
2007-03-17,148.0,147.0,148.0,0.1,,5216
2007-03-18,149.0,148.0,150.0,0.1,,5216
2007-03-19,152.0,150.0,154.0,0.1,,5216
2007-03-20,156.0,154.0,157.0,0.1,,5216
2007-03-21,159.0,157.0,161.0,0.1,,5216
2007-03-22,185.0,162.0,207.0,0.1,,5216
2007-03-23,213.0,211.0,214.0,0.3,,5216
2007-03-24,215.0,214.0,216.0,0.2,24.16,5216
2007-03-25,230.0,218.0,241.0,0.2,16.0,5216
2007-03-26,376.0,315.0,399.0,0.4,25.16,5216
2007-03-27,406.0,403.0,409.0,0.4,25.16,5216
2007-03-28,389.0,386.0,391.0,0.5,25.16,5216
2007-03-29,380.0,378.0,381.0,0.6,25.0,5216
2007-03-30,376.0,374.0,377.0,1.2,16.0,5216
2007-03-31,370.0,369.0,371.0,1.0,16.0,5216
2007-04-01,365.0,362.0,367.0,0.3,25.0,5216
2007-04-02,355.0,354.0,356.0,0.6,25.16,5216
2007-04-03,350.0,348.0,351.0,0.9,16.0,5216
2007-04-04,347.0,345.0,349.0,1.4,16.0,5216
2007-04-05,354.0,353.0,355.0,2.1,29.0,5216
2007-04-06,356.0,355.0,357.0,2.5,29.0,5216
2007-04-07,353.0,352.0,353.0,3.0,29.0,5216
2007-04-08,351.0,351.0,351.0,3.3,29.0,5216
2007-04-09,348.0,347.0,349.0,3.0,29.0,5216
2007-04-10,346.0,345.0,346.0,3.3,29.0,5216
2007-04-11,342.0,339.0,344.0,5.5,29.0,5216
2007-04-12,334.0,333.0,335.0,6.7,29.0,5216
2007-04-13,331.0,330.0,331.0,5.3,29.0,5216
2007-04-14,329.0,329.0,329.0,5.8,29.0,5216
2007-04-15,325.0,322.0,328.0,5.4,29.0,5216
2007-04-16,312.0,308.0,316.0,5.8,29.0,5216
2007-04-17,295.0,293.0,297.0,6.1,29.0,5216
2007-04-18,288.0,287.0,289.0,7.0,29.0,5216
2007-04-19,286.0,285.0,286.0,5.7,29.0,5216
2007-04-20,285.0,284.0,285.0,5.3,29.0,5216
2007-04-21,287.0,286.0,287.0,5.1,29.0,5216
2007-04-22,298.0,289.0,307.0,5.1,29.0,5216
2007-04-23,335.0,334.0,336.0,5.1,29.0,5216
2007-04-24,329.0,325.0,333.0,5.1,29.0,5216
2007-04-25,316.0,312.0,319.0,5.1,29.0,5216
2007-04-26,301.0,297.0,305.0,8.2,29.0,5216
2007-04-27,283.0,279.0,287.0,7.4,29.0,5216
2007-04-28,269.0,265.0,273.0,7.6,29.0,5216
2007-04-29,257.0,257.0,257.0,8.0,29.0,5216
2007-04-30,257.0,256.0,257.0,8.3,29.0,5216
2007-05-01,252.0,249.0,255.0,8.4,29.0,5216
2007-05-02,243.0,241.0,244.0,8.5,29.0,5216
2007-05-03,238.0,237.0,239.0,11.0,29.0,5216
2007-05-04,234.0,233.0,235.0,11.1,29.0,5216
2007-05-05,230.0,229.0,231.0,11.5,29.0,5216
2007-05-06,226.0,225.0,227.0,11.6,29.0,5216
2007-05-07,222.0,221.0,223.0,11.5,29.0,5216
2007-05-08,219.0,218.0,219.0,11.8,29.0,5216
2007-05-09,217.0,216.0,217.0,11.6,29.0,5216
2007-05-10,215.0,214.0,215.0,10.4,29.0,5216
2007-05-11,213.0,213.0,213.0,11.6,29.0,5216
2007-05-12,212.0,211.0,213.0,11.4,29.0,5216
2007-05-13,210.0,209.0,210.0,11.5,29.0,5216
2007-05-14,208.0,207.0,208.0,11.6,29.0,5216
2007-05-15,207.0,206.0,207.0,11.8,29.0,5216
2007-05-16,208.0,205.0,211.0,11.5,29.0,5216
2007-05-17,218.0,214.0,221.0,11.3,29.0,5216
2007-05-18,229.0,228.0,229.0,11.3,29.0,5216
2007-05-19,232.0,231.0,232.0,11.2,29.0,5216
2007-05-20,234.0,233.0,234.0,11.5,29.0,5216
2007-05-21,237.0,235.0,238.0,12.3,29.0,5216
2007-05-22,243.0,241.0,244.0,14.4,29.0,5216
2007-05-23,248.0,247.0,249.0,16.8,29.0,5216
2007-05-24,251.0,250.0,251.0,17.7,29.0,5216
2007-05-25,257.0,253.0,261.0,14.9,29.0,5216
2007-05-26,281.0,271.0,291.0,15.0,29.0,5216
2007-05-27,361.0,329.0,376.0,15.6,29.0,5216
2007-05-28,391.0,389.0,393.0,16.0,29.0,5216
2007-05-29,377.0,375.0,379.0,16.2,29.0,5216
2007-05-30,367.0,364.0,369.0,16.4,29.0,5216
2007-05-31,356.0,353.0,358.0,18.1,29.0,5216
2007-06-01,346.0,343.0,348.0,17.3,31.0,5216
2007-06-02,336.0,333.0,338.0,17.7,31.0,5216
2007-06-03,324.0,321.0,327.0,17.7,31.0,5216
2007-06-04,311.0,311.0,311.0,17.4,31.0,5216
2007-06-05,308.0,303.0,313.0,17.0,31.0,5216
2007-06-06,293.0,291.0,294.0,17.1,31.0,5216
2007-06-07,286.0,285.0,287.0,17.2,31.0,5216
2007-06-08,284.0,283.0,284.0,17.4,31.0,5216
2007-06-09,280.0,279.0,281.0,18.1,31.0,5216
2007-06-10,276.0,275.0,277.0,18.4,31.0,5216
2007-06-11,286.0,273.0,299.0,18.5,31.0,5216
2007-06-12,329.0,326.0,331.0,18.6,31.0,5216
2007-06-13,324.0,321.0,326.0,18.7,31.0,5216
2007-06-14,309.0,303.0,315.0,18.8,31.0,5216
2007-06-15,289.0,286.0,291.0,19.0,31.0,5216
2007-06-16,279.0,276.0,281.0,20.1,31.0,5216
2007-06-17,264.0,257.0,271.0,20.4,31.0,5216
2007-06-18,240.0,236.0,243.0,20.6,31.0,5216
2007-06-19,229.0,225.0,233.0,20.8,31.0,5216
2007-06-20,216.0,213.0,218.0,20.6,31.0,5216
2007-06-21,207.0,206.0,208.0,20.6,31.0,5216
2007-06-22,205.0,204.0,205.0,20.5,31.0,5216
2007-06-23,202.0,201.0,203.0,20.6,31.0,5216
2007-06-24,199.0,197.0,200.0,20.6,31.0,5216
2007-06-25,194.0,193.0,194.0,21.5,31.0,5216
2007-06-26,191.0,190.0,191.0,21.3,31.0,5216
2007-06-27,189.0,188.0,189.0,21.2,31.0,5216
2007-06-28,187.0,186.0,187.0,23.4,31.0,5216
2007-06-29,185.0,184.0,185.0,22.7,31.0,5216
2007-06-30,183.0,182.0,183.0,22.3,31.0,5216
2007-07-01,181.0,181.0,181.0,22.5,31.0,5216
2007-07-02,180.0,179.0,180.0,22.3,31.0,5216
2007-07-03,179.0,179.0,179.0,22.1,31.0,5216
2007-07-04,179.0,179.0,179.0,22.2,31.0,5216
2007-07-05,179.0,179.0,179.0,21.8,31.0,5216
2007-07-06,179.0,179.0,179.0,21.8,31.0,5216
2007-07-07,179.0,179.0,179.0,21.7,31.0,5216
2007-07-08,179.0,179.0,179.0,21.8,31.0,5216
2007-07-09,179.0,178.0,179.0,21.6,31.0,5216
2007-07-10,178.0,178.0,178.0,21.5,31.0,5216
2007-07-11,178.0,178.0,178.0,21.0,31.0,5216
2007-07-12,181.0,180.0,181.0,20.8,31.0,5216
2007-07-13,181.0,180.0,181.0,21.1,31.0,5216
2007-07-14,180.0,180.0,180.0,21.2,31.0,5216
2007-07-15,180.0,179.0,180.0,21.2,31.0,5216
2007-07-16,179.0,179.0,179.0,21.4,31.0,5216
2007-07-17,179.0,178.0,179.0,20.9,31.0,5216
2007-07-18,178.0,178.0,178.0,20.8,31.0,5216
2007-07-19,180.0,178.0,182.0,20.5,31.0,5216
2007-07-20,184.0,184.0,184.0,20.5,31.0,5216
2007-07-21,186.0,184.0,187.0,20.9,31.0,5216
2007-07-22,190.0,189.0,190.0,20.9,31.0,5216
2007-07-23,188.0,187.0,189.0,21.9,31.0,5216
2007-07-24,187.0,187.0,187.0,23.0,31.0,5216
2007-07-25,187.0,186.0,187.0,23.4,31.0,5216
2007-07-26,185.0,185.0,185.0,23.8,31.0,5216
2007-07-27,185.0,185.0,185.0,23.5,31.0,5216
2007-07-28,185.0,185.0,185.0,23.0,31.0,5216
2007-07-29,185.0,185.0,185.0,23.2,31.0,5216
2007-07-30,185.0,184.0,185.0,23.4,31.0,5216
2007-07-31,184.0,184.0,184.0,23.2,31.0,5216
2007-08-01,185.0,184.0,185.0,21.7,31.0,5216
2007-08-02,187.0,186.0,187.0,22.0,31.0,5216
2007-08-03,189.0,189.0,189.0,22.2,31.0,5216
2007-08-04,189.0,189.0,189.0,22.1,31.0,5216
2007-08-05,189.0,188.0,189.0,22.4,31.0,5216
2007-08-06,188.0,187.0,188.0,23.2,31.0,5216
2007-08-07,187.0,186.0,187.0,24.6,31.0,5216
2007-08-08,188.0,186.0,189.0,24.5,31.0,5216
2007-08-09,192.0,192.0,192.0,23.3,31.0,5216
2007-08-10,194.0,193.0,194.0,23.5,31.0,5216
2007-08-11,195.0,194.0,195.0,22.6,31.0,5216
2007-08-12,193.0,192.0,193.0,22.8,31.0,5216
2007-08-13,190.0,189.0,191.0,22.4,31.0,5216
2007-08-14,187.0,186.0,187.0,22.6,31.0,5216
2007-08-15,186.0,185.0,187.0,22.3,31.0,5216
2007-08-16,189.0,188.0,189.0,22.7,31.0,5216
2007-08-17,190.0,190.0,190.0,22.9,31.0,5216
2007-08-18,190.0,190.0,190.0,22.7,31.0,5216
2007-08-19,191.0,190.0,191.0,23.6,31.0,5216
2007-08-20,189.0,189.0,189.0,24.0,31.0,5216
2007-08-21,188.0,187.0,188.0,23.5,31.0,5216
2007-08-22,187.0,186.0,187.0,22.5,31.0,5216
2007-08-23,184.0,183.0,185.0,22.4,31.0,5216
2007-08-24,182.0,181.0,182.0,22.2,31.0,5216
2007-08-25,180.0,179.0,180.0,21.9,31.0,5216
2007-08-26,178.0,177.0,178.0,21.4,31.0,5216
2007-08-27,176.0,175.0,176.0,21.2,31.0,5216
2007-08-28,174.0,173.0,174.0,20.9,31.0,5216
2007-08-29,172.0,171.0,172.0,20.8,31.0,5216
2007-08-30,170.0,169.0,170.0,20.7,31.0,5216
2007-08-31,168.0,167.0,168.0,20.6,31.0,5216
2007-09-01,166.0,165.0,166.0,20.7,31.0,5216
2007-09-02,164.0,163.0,164.0,20.8,31.0,5216
2007-09-03,162.0,161.0,162.0,20.7,31.0,5216
2007-09-04,160.0,159.0,160.0,20.2,31.0,5216
2007-09-05,158.0,157.0,158.0,20.5,31.0,5216
2007-09-06,156.0,156.0,156.0,21.0,31.0,5216
2007-09-07,158.0,156.0,159.0,20.1,31.0,5216
2007-09-08,160.0,160.0,160.0,19.9,31.0,5216
2007-09-09,163.0,161.0,165.0,19.8,31.0,5216
2007-09-10,172.0,171.0,173.0,19.5,31.0,5216
2007-09-11,175.0,175.0,175.0,19.4,31.0,5216
2007-09-12,174.0,173.0,175.0,19.6,31.0,5216
2007-09-13,172.0,171.0,173.0,19.4,31.0,5216
2007-09-14,171.0,171.0,171.0,19.7,31.0,5216
2007-09-15,171.0,171.0,171.0,19.6,31.0,5216
2007-09-16,173.0,171.0,175.0,19.6,31.0,5216
2007-09-17,179.0,178.0,180.0,19.6,31.0,5216
2007-09-18,181.0,181.0,181.0,19.4,31.0,5216
2007-09-19,183.0,181.0,185.0,19.2,31.0,5216
2007-09-20,190.0,189.0,191.0,19.0,31.0,5216
2007-09-21,193.0,193.0,193.0,17.9,32.0,5216
2007-09-22,193.0,193.0,193.0,15.3,32.0,5216
2007-09-23,190.0,187.0,193.0,14.7,32.0,5216
2007-09-24,180.0,179.0,181.0,16.2,32.0,5216
2007-09-25,177.0,177.0,177.0,16.0,32.0,5216
2007-09-26,177.0,177.0,177.0,15.9,32.0,5216
2007-09-27,178.0,178.0,178.0,15.5,32.0,5216
2007-09-28,178.0,177.0,178.0,15.3,32.0,5216
2007-09-29,176.0,175.0,176.0,15.3,32.0,5216
2007-09-30,174.0,173.0,174.0,15.0,32.0,5216
2007-10-01,172.0,172.0,172.0,14.9,29.0,5216
2007-10-02,172.0,172.0,172.0,12.9,29.0,5216
2007-10-03,172.0,172.0,172.0,13.1,29.0,5216
2007-10-04,172.0,172.0,172.0,13.2,29.0,5216
2007-10-05,172.0,172.0,172.0,14.0,29.0,5216
2007-10-06,172.0,172.0,172.0,13.8,29.0,5216
2007-10-07,172.0,171.0,172.0,13.1,29.0,5216
2007-10-08,171.0,171.0,171.0,12.8,29.0,5216
2007-10-09,171.0,170.0,171.0,11.1,29.0,5216
2007-10-10,170.0,169.0,170.0,10.3,29.0,5216
2007-10-11,169.0,168.0,169.0,10.6,29.0,5216
2007-10-12,168.0,168.0,168.0,10.0,29.0,5216
2007-10-13,167.0,167.0,167.0,8.2,29.0,5216
2007-10-14,167.0,167.0,167.0,8.4,29.0,5216
2007-10-15,167.0,166.0,167.0,6.9,29.0,5216
2007-10-16,166.0,166.0,166.0,6.8,29.0,5216
2007-10-17,165.0,164.0,166.0,6.0,29.0,5216
2007-10-18,166.0,166.0,166.0,5.7,29.0,5216
2007-10-19,167.0,167.0,167.0,4.8,29.0,5216
2007-10-20,168.0,168.0,168.0,2.2,29.0,5216
2007-10-21,171.0,170.0,171.0,2.1,29.0,5216
2007-10-22,171.0,171.0,171.0,2.6,29.0,5216
2007-10-23,171.0,171.0,171.0,3.5,29.0,5216
2007-10-24,174.0,171.0,176.0,4.1,29.0,5216
2007-10-25,183.0,181.0,184.0,4.2,29.0,5216
2007-10-26,187.0,186.0,188.0,4.1,29.0,5216
2007-10-27,191.0,190.0,191.0,5.6,29.0,5216
2007-10-28,193.0,193.0,193.0,3.9,29.0,5216
2007-10-29,193.0,193.0,193.0,3.2,29.0,5216
2007-10-30,205.0,193.0,216.0,3.0,29.0,5216
2007-10-31,251.0,246.0,256.0,2.4,29.0,5216
2007-11-01,269.0,266.0,271.0,1.5,2.29,5216
2007-11-02,277.0,276.0,278.0,1.8,2.29,5216
2007-11-03,275.0,271.0,278.0,1.8,2.29,5216
2007-11-04,264.0,261.0,266.0,2.2,29.0,5216
2007-11-05,254.0,251.0,256.0,2.3,29.0,5216
2007-11-06,235.0,231.0,239.0,2.2,29.0,5216
2007-11-07,224.0,221.0,226.0,2.1,29.0,5216
2007-11-08,214.0,211.0,216.0,2.1,29.0,5216
2007-11-09,205.0,203.0,206.0,1.9,29.0,5216
2007-11-10,202.0,202.0,202.0,1.5,29.0,5216
2007-11-11,201.0,201.0,201.0,1.1,2.0,5216
2007-11-12,201.0,200.0,201.0,0.9,2.0,5216
2007-11-13,199.0,199.0,199.0,0.5,2.0,5216
2007-11-14,199.0,199.0,199.0,0.1,2.0,5216
2007-11-15,198.0,197.0,199.0,0.0,2.0,5216
2007-11-16,194.0,193.0,195.0,0.0,2.0,5216
2007-11-17,190.0,189.0,191.0,0.0,2.0,5216
2007-11-18,187.0,186.0,187.0,0.0,15.0,5216
2007-11-19,185.0,184.0,185.0,0.0,16.0,5216
2007-11-20,183.0,183.0,183.0,0.0,16.0,5216
2007-11-21,181.0,181.0,181.0,0.0,16.0,5216
2007-11-22,181.0,181.0,181.0,0.0,16.0,5216
2007-11-23,180.0,180.0,180.0,0.0,16.0,5216
2007-11-24,179.0,179.0,179.0,0.0,16.0,5216
2007-11-25,178.0,178.0,178.0,0.0,16.0,5216
2007-11-26,177.0,177.0,177.0,0.0,16.0,5216
2007-11-27,176.0,176.0,176.0,0.0,16.0,5216
2007-11-28,175.0,174.0,175.0,0.0,16.0,5216
2007-11-29,174.0,173.0,174.0,0.0,16.0,5216
2007-11-30,172.0,172.0,172.0,0.0,16.0,5216
2007-12-01,172.0,172.0,172.0,,16.0,5216
2007-12-02,172.0,172.0,172.0,,16.0,5216
2007-12-03,171.0,171.0,171.0,,16.0,5216
2007-12-04,170.0,170.0,170.0,,16.0,5216
2007-12-05,169.0,169.0,169.0,,16.0,5216
2007-12-06,169.0,169.0,169.0,,16.0,5216
2007-12-07,168.0,168.0,168.0,,16.0,5216
2007-12-08,168.0,168.0,168.0,,16.0,5216
2007-12-09,167.0,167.0,167.0,,16.0,5216
2007-12-10,167.0,167.0,167.0,,16.0,5216
2007-12-11,167.0,167.0,167.0,,16.0,5216
2007-12-12,166.0,166.0,166.0,,16.0,5216
2007-12-13,166.0,166.0,166.0,,16.0,5216
2007-12-14,166.0,166.0,166.0,,16.0,5216
2007-12-15,165.0,165.0,165.0,,16.0,5216
2007-12-16,165.0,165.0,165.0,,16.0,5216
2007-12-17,164.0,164.0,164.0,,16.0,5216
2007-12-18,164.0,164.0,164.0,,16.0,5216
2007-12-19,164.0,164.0,164.0,,16.0,5216
2007-12-20,163.0,163.0,163.0,,16.0,5216
2007-12-21,163.0,163.0,163.0,,16.0,5216
2007-12-22,163.0,163.0,163.0,,16.0,5216
2007-12-23,162.0,162.0,162.0,,16.0,5216
2007-12-24,162.0,162.0,162.0,,16.0,5216
2007-12-25,162.0,162.0,162.0,,16.0,5216
2007-12-26,162.0,162.0,162.0,,16.0,5216
2007-12-27,161.0,161.0,161.0,,16.0,5216
2007-12-28,161.0,161.0,161.0,,16.0,5216
2007-12-29,161.0,161.0,161.0,,16.0,5216
2007-12-30,160.0,160.0,160.0,,16.0,5216
2007-12-31,160.0,160.0,160.0,,16.0,5216
2008-01-01,160.0,160.0,160.0,,16.0,5216
2008-01-02,162.0,162.0,162.0,,16.0,5216
2008-01-03,164.0,164.0,164.0,,16.0,5216
2008-01-04,166.0,166.0,166.0,,16.0,5216
2008-01-05,168.0,168.0,168.0,,16.0,5216
2008-01-06,170.0,170.0,170.0,,16.0,5216
2008-01-07,172.0,172.0,172.0,,16.0,5216
2008-01-08,174.0,174.0,174.0,,16.0,5216
2008-01-09,175.0,175.0,175.0,,16.0,5216
2008-01-10,175.0,175.0,175.0,,16.0,5216
2008-01-11,175.0,175.0,175.0,,16.0,5216
2008-01-12,174.0,174.0,174.0,,16.0,5216
2008-01-13,174.0,174.0,174.0,,16.33,5216
2008-01-14,174.0,174.0,174.0,,16.33,5216
2008-01-15,173.0,173.0,173.0,,16.33,5216
2008-01-16,172.0,172.0,172.0,,16.33,5216
2008-01-17,171.0,171.0,171.0,,16.33,5216
2008-01-18,170.0,170.0,170.0,,16.33,5216
2008-01-19,169.0,169.0,169.0,,16.33,5216
2008-01-20,168.0,168.0,168.0,,16.33,5216
2008-01-21,166.0,166.0,166.0,,16.33,5216
2008-01-22,164.0,164.0,164.0,,16.33,5216
2008-01-23,161.0,161.0,161.0,,16.33,5216
2008-01-24,159.0,159.0,159.0,,16.33,5216
2008-01-25,157.0,157.0,157.0,,16.33,5216
2008-01-26,155.0,155.0,155.0,,16.33,5216
2008-01-27,154.0,154.0,154.0,,16.33,5216
2008-01-28,153.0,153.0,153.0,,16.33,5216
2008-01-29,153.0,153.0,153.0,,16.33,5216
2008-01-30,152.0,152.0,152.0,,16.33,5216
2008-01-31,152.0,152.0,152.0,,16.33,5216
2008-02-01,151.0,151.0,151.0,,16.33,5216
2008-02-02,151.0,151.0,151.0,,16.33,5216
2008-02-03,150.0,150.0,150.0,,16.33,5216
2008-02-04,150.0,150.0,150.0,,16.33,5216
2008-02-05,149.0,149.0,149.0,,16.33,5216
2008-02-06,149.0,149.0,149.0,,16.33,5216
2008-02-07,148.0,148.0,148.0,,16.33,5216
2008-02-08,148.0,148.0,148.0,,16.33,5216
2008-02-09,147.0,147.0,147.0,,16.33,5216
2008-02-10,147.0,147.0,147.0,,16.33,5216
2008-02-11,147.0,147.0,147.0,,16.33,5216
2008-02-12,146.0,146.0,146.0,,16.33,5216
2008-02-13,146.0,146.0,146.0,,16.33,5216
2008-02-14,146.0,146.0,146.0,,16.33,5216
2008-02-15,145.0,145.0,145.0,,16.33,5216
2008-02-16,145.0,145.0,145.0,,16.33,5216
2008-02-17,144.0,144.0,144.0,,16.33,5216
2008-02-18,144.0,144.0,144.0,,16.33,5216
2008-02-19,143.0,143.0,143.0,,16.33,5216
2008-02-20,142.0,142.0,142.0,,16.33,5216
2008-02-21,141.0,141.0,141.0,,16.33,5216
2008-02-22,139.0,139.0,139.0,,16.33,5216
2008-02-23,138.0,138.0,138.0,,16.33,5216
2008-02-24,137.0,137.0,137.0,,16.33,5216
2008-02-25,136.0,136.0,136.0,,16.33,5216
2008-02-26,134.0,134.0,134.0,,16.33,5216
2008-02-27,133.0,133.0,133.0,,16.33,5216
2008-02-28,133.0,133.0,133.0,,16.33,5216
2008-02-29,133.0,133.0,133.0,,16.33,5216
2008-03-01,133.0,132.0,133.0,0.0,16.33,5216
2008-03-02,132.0,132.0,132.0,0.0,16.33,5216
2008-03-03,133.0,132.0,134.0,0.0,16.33,5216
2008-03-04,135.0,135.0,135.0,0.0,16.33,5216
2008-03-05,136.0,135.0,136.0,0.0,16.33,5216
2008-03-06,137.0,136.0,137.0,0.0,16.33,5216
2008-03-07,138.0,137.0,139.0,0.0,16.33,5216
2008-03-08,141.0,139.0,142.0,0.0,16.33,5216
2008-03-09,146.0,144.0,148.0,0.0,16.33,5216
2008-03-10,153.0,151.0,154.0,0.0,16.33,5216
2008-03-11,158.0,157.0,159.0,0.1,16.33,5216
2008-03-12,161.0,160.0,161.0,0.1,16.33,5216
2008-03-13,167.0,162.0,171.0,0.1,,5216
2008-03-14,174.0,173.0,175.0,0.3,24.0,5216
2008-03-15,178.0,177.0,178.0,0.3,24.0,5216
2008-03-16,180.0,179.0,180.0,0.4,24.0,5216
2008-03-17,182.0,181.0,182.0,0.5,16.0,5216
2008-03-18,182.0,182.0,182.0,1.1,16.0,5216
2008-03-19,182.0,182.0,182.0,0.9,16.0,5216
2008-03-20,187.0,182.0,192.0,1.0,25.0,5216
2008-03-21,207.0,202.0,212.0,1.65,25.0,5216
2008-03-22,222.0,219.0,224.0,2.0,25.0,5216
2008-03-23,213.0,213.0,213.0,1.6,25.0,5216
2008-03-24,214.0,213.0,214.0,0.8,25.0,5216
2008-03-25,215.0,214.0,215.0,0.6,25.0,5216
2008-03-26,217.0,216.0,217.0,0.4,25.0,5216
2008-03-27,217.0,216.0,218.0,0.4,25.0,5216
2008-03-28,214.0,213.0,214.0,0.5,25.0,5216
2008-03-29,212.0,211.0,212.0,0.4,16.0,5216
2008-03-30,209.0,209.0,209.0,0.5,16.0,5216
2008-03-31,209.0,209.0,209.0,1.1,16.0,5216
2008-04-01,212.0,208.0,216.0,1.35,16.0,5216
2008-04-02,218.0,217.0,218.0,1.3,16.0,5216
2008-04-03,220.0,219.0,220.0,1.6,16.0,5216
2008-04-04,221.0,221.0,221.0,1.75,16.0,5216
2008-04-05,221.0,220.0,221.0,1.55,16.0,5216
2008-04-06,218.0,217.0,219.0,1.95,16.0,5216
2008-04-07,214.0,213.0,215.0,2.4,16.0,5216
2008-04-08,209.0,206.0,211.0,3.1,16.0,5216
2008-04-09,200.0,199.0,201.0,3.7,16.0,5216
2008-04-10,197.0,196.0,197.0,3.75,16.0,5216
2008-04-11,195.0,195.0,195.0,5.3,29.0,5216
2008-04-12,193.0,193.0,193.0,5.5,29.0,5216
2008-04-13,193.0,193.0,193.0,5.75,29.0,5216
2008-04-14,193.0,193.0,193.0,5.8,29.0,5216
2008-04-15,193.0,192.0,193.0,5.95,29.0,5216
2008-04-16,192.0,192.0,192.0,6.0,29.0,5216
2008-04-17,191.0,191.0,191.0,6.25,29.0,5216
2008-04-18,191.0,190.0,191.0,6.4,29.0,5216
2008-04-19,189.0,189.0,189.0,6.45,29.0,5216
2008-04-20,188.0,187.0,189.0,7.7,29.0,5216
2008-04-21,184.0,183.0,185.0,11.75,29.0,5216
2008-04-22,181.0,180.0,181.0,13.95,29.0,5216
2008-04-23,180.0,180.0,180.0,9.5,29.0,5216
2008-04-24,180.0,179.0,180.0,6.75,29.0,5216
2008-04-25,179.0,179.0,179.0,8.8,29.0,5216
2008-04-26,180.0,179.0,181.0,9.45,29.0,5216
2008-04-27,185.0,184.0,185.0,7.5,29.0,5216
2008-04-28,194.0,186.0,201.0,8.2,29.0,5216
2008-04-29,226.0,211.0,241.0,8.6,29.0,5216
2008-04-30,265.0,253.0,271.0,10.0,29.0,5216
2008-05-01,280.0,276.0,283.0,10.75,29.0,5216
2008-05-02,288.0,285.0,291.0,10.9,29.0,5216
2008-05-03,299.0,296.0,301.0,11.2,29.0,5216
2008-05-04,290.0,289.0,291.0,13.3,29.0,5216
2008-05-05,286.0,283.0,289.0,12.95,29.0,5216
2008-05-06,277.0,277.0,277.0,13.35,29.0,5216
2008-05-07,283.0,279.0,286.0,13.0,29.0,5216
2008-05-08,299.0,296.0,301.0,13.1,29.0,5216
2008-05-09,311.0,304.0,317.0,13.0,29.0,5216
2008-05-10,331.0,324.0,335.0,13.1,29.0,5216
2008-05-11,335.0,332.0,337.0,13.15,29.0,5216
2008-05-12,325.0,323.0,327.0,12.35,29.0,5216
2008-05-13,317.0,314.0,319.0,13.35,29.0,5216
2008-05-14,307.0,304.0,309.0,13.45,29.0,5216
2008-05-15,294.0,289.0,299.0,13.5,29.0,5216
2008-05-16,277.0,274.0,279.0,13.55,29.0,5216
2008-05-17,267.0,264.0,269.0,13.65,29.0,5216
2008-05-18,257.0,254.0,259.0,13.85,29.0,5216
2008-05-19,250.0,249.0,251.0,12.9,29.0,5216
2008-05-20,255.0,254.0,255.0,12.75,29.0,5216
2008-05-21,250.0,250.0,250.0,12.9,29.0,5216
2008-05-22,250.0,249.0,250.0,12.75,29.0,5216
2008-05-23,249.0,249.0,249.0,12.75,29.0,5216
2008-05-24,250.0,249.0,251.0,11.9,29.0,5216
2008-05-25,258.0,255.0,261.0,12.05,29.0,5216
2008-05-26,283.0,281.0,285.0,12.2,29.0,5216
2008-05-27,289.0,287.0,291.0,12.7,29.0,5216
2008-05-28,296.0,296.0,296.0,12.65,29.0,5216
2008-05-29,291.0,285.0,296.0,12.7,29.0,5216
2008-05-30,305.0,289.0,321.0,12.8,29.0,5216
2008-05-31,358.0,338.0,371.0,13.05,29.0,5216
2008-06-01,384.0,382.0,386.0,14.75,31.0,5216
2008-06-02,382.0,381.0,382.0,14.9,31.0,5216
2008-06-03,379.0,377.0,380.0,15.2,31.0,5216
2008-06-04,373.0,371.0,375.0,15.35,31.0,5216
2008-06-05,363.0,361.0,365.0,15.45,31.0,5216
2008-06-06,353.0,350.0,355.0,15.2,31.0,5216
2008-06-07,343.0,340.0,345.0,16.25,31.0,5216
2008-06-08,331.0,326.0,335.0,18.5,31.0,5216
2008-06-09,314.0,311.0,317.0,21.6,31.0,5216
2008-06-10,300.0,296.0,303.0,21.65,31.0,5216
2008-06-11,289.0,286.0,291.0,21.7,31.0,5216
2008-06-12,279.0,276.0,282.0,21.6,31.0,5216
2008-06-13,270.0,269.0,271.0,21.0,31.0,5216
2008-06-14,265.0,261.0,269.0,21.0,31.0,5216
2008-06-15,250.0,247.0,253.0,21.0,31.0,5216
2008-06-16,238.0,235.0,241.0,21.9,31.0,5216
2008-06-17,231.0,228.0,233.0,20.15,31.0,5216
2008-06-18,225.0,224.0,225.0,20.9,31.0,5216
2008-06-19,222.0,221.0,223.0,20.8,31.0,5216
2008-06-20,218.0,217.0,219.0,21.0,31.0,5216
2008-06-21,214.0,213.0,215.0,21.5,31.0,5216
2008-06-22,211.0,211.0,211.0,21.35,31.0,5216
2008-06-23,214.0,211.0,217.0,21.75,31.0,5216
2008-06-24,225.0,223.0,227.0,23.45,31.0,5216
2008-06-25,231.0,229.0,232.0,23.55,31.0,5216
2008-06-26,236.0,235.0,237.0,23.75,31.0,5216
2008-06-27,239.0,239.0,239.0,23.55,31.0,5216
2008-06-28,238.0,237.0,239.0,23.75,31.0,5216
2008-06-29,235.0,235.0,235.0,23.6,31.0,5216
2008-06-30,235.0,235.0,235.0,23.65,31.0,5216
2008-07-01,230.0,227.0,233.0,23.5,31.0,5216
2008-07-02,220.0,219.0,221.0,23.6,31.0,5216
2008-07-03,222.0,221.0,223.0,21.95,31.0,5216
2008-07-04,226.0,225.0,227.0,22.6,31.0,5216
2008-07-05,230.0,229.0,231.0,22.85,31.0,5216
2008-07-06,237.0,233.0,241.0,23.0,31.0,5216
2008-07-07,256.0,251.0,261.0,23.95,31.0,5216
2008-07-08,277.0,272.0,281.0,23.85,31.0,5216
2008-07-09,294.0,290.0,297.0,24.7,31.0,5216
2008-07-10,306.0,305.0,306.0,24.35,31.0,5216
2008-07-11,306.0,306.0,306.0,24.85,31.0,5216
2008-07-12,304.0,301.0,306.0,24.85,31.0,5216
2008-07-13,294.0,290.0,297.0,23.75,31.0,5216
2008-07-14,280.0,277.0,283.0,24.8,31.0,5216
2008-07-15,269.0,266.0,271.0,24.7,31.0,5216
2008-07-16,271.0,266.0,275.0,24.8,31.0,5216
2008-07-17,289.0,286.0,291.0,24.55,31.0,5216
2008-07-18,303.0,300.0,305.0,23.75,31.0,5216
2008-07-19,315.0,310.0,320.0,22.1,31.0,5216
2008-07-20,346.0,324.0,378.0,21.9,31.0,5216
2008-07-21,379.0,379.0,379.0,22.05,31.0,5216
2008-07-22,388.0,384.0,391.0,22.0,31.0,5216
2008-07-23,394.0,391.0,397.0,22.6,31.0,5216
2008-07-24,386.0,386.0,386.0,22.8,31.0,5216
2008-07-25,385.0,383.0,386.0,22.9,31.0,5216
2008-07-26,380.0,379.0,381.0,23.0,31.0,5216
2008-07-27,377.0,377.0,377.0,23.25,31.0,5216
2008-07-28,374.0,371.0,377.0,23.75,31.0,5216
2008-07-29,362.0,359.0,365.0,24.55,31.0,5216
2008-07-30,351.0,349.0,353.0,23.45,31.0,5216
2008-07-31,343.0,341.0,345.0,23.65,31.0,5216
2008-08-01,339.0,339.0,339.0,23.75,31.0,5216
2008-08-02,337.0,335.0,339.0,23.55,31.0,5216
2008-08-03,328.0,325.0,331.0,23.75,31.0,5216
2008-08-04,318.0,317.0,319.0,23.75,31.0,5216
2008-08-05,311.0,309.0,312.0,24.95,31.0,5216
2008-08-06,306.0,305.0,307.0,25.0,31.0,5216
2008-08-07,303.0,303.0,303.0,25.3,31.0,5216
2008-08-08,302.0,301.0,303.0,25.25,31.0,5216
2008-08-09,300.0,299.0,301.0,25.4,31.0,5216
2008-08-10,296.0,295.0,297.0,25.4,31.0,5216
2008-08-11,288.0,282.0,293.0,25.55,31.0,5216
2008-08-12,268.0,262.0,273.0,26.45,31.0,5216
2008-08-13,250.0,246.0,253.0,24.7,31.0,5216
2008-08-14,238.0,236.0,239.0,23.7,31.0,5216
2008-08-15,232.0,231.0,233.0,23.85,31.0,5216
2008-08-16,228.0,227.0,229.0,23.95,31.0,5216
2008-08-17,224.0,223.0,225.0,24.15,31.0,5216
2008-08-18,220.0,219.0,221.0,24.2,31.0,5216
2008-08-19,216.0,215.0,217.0,24.1,31.0,5216
2008-08-20,212.0,211.0,213.0,24.1,31.0,5216
2008-08-21,208.0,207.0,209.0,23.8,31.0,5216
2008-08-22,205.0,204.0,205.0,23.7,31.0,5216
2008-08-23,202.0,201.0,203.0,23.6,31.0,5216
2008-08-24,201.0,201.0,201.0,23.35,31.0,5216
2008-08-25,201.0,201.0,201.0,21.6,31.0,5216
2008-08-26,201.0,201.0,201.0,21.8,31.0,5216
2008-08-27,201.0,201.0,201.0,21.4,31.0,5216
2008-08-28,201.0,201.0,201.0,21.2,31.0,5216
2008-08-29,200.0,200.0,200.0,21.3,31.0,5216
2008-08-30,200.0,199.0,200.0,21.15,31.0,5216
2008-08-31,199.0,198.0,199.0,21.3,31.0,5216
2008-09-01,197.0,196.0,197.0,21.05,31.0,5216
2008-09-02,196.0,195.0,196.0,21.0,31.0,5216
2008-09-03,195.0,194.0,195.0,20.9,31.0,5216
2008-09-04,194.0,194.0,194.0,17.6,31.0,5216
2008-09-05,193.0,193.0,193.0,19.05,31.0,5216
2008-09-06,192.0,191.0,192.0,19.3,31.0,5216
2008-09-07,191.0,191.0,191.0,19.0,31.0,5216
2008-09-08,191.0,190.0,191.0,18.5,31.0,5216
2008-09-09,190.0,189.0,190.0,18.4,31.0,5216
2008-09-10,189.0,188.0,189.0,18.7,31.0,5216
2008-09-11,188.0,187.0,188.0,18.2,31.0,5216
2008-09-12,187.0,186.0,187.0,17.6,31.0,5216
2008-09-13,186.0,185.0,186.0,18.0,31.0,5216
2008-09-14,185.0,184.0,185.0,18.05,31.0,5216
2008-09-15,182.0,181.0,182.0,18.65,31.0,5216
2008-09-16,180.0,180.0,180.0,18.25,31.0,5216
2008-09-17,179.0,178.0,179.0,17.95,31.0,5216
2008-09-18,178.0,178.0,178.0,17.45,31.0,5216
2008-09-19,178.0,178.0,178.0,17.6,31.0,5216
2008-09-20,178.0,178.0,178.0,17.5,31.0,5216
2008-09-21,178.0,177.0,178.0,13.15,32.0,5216
2008-09-22,177.0,177.0,177.0,13.25,32.0,5216
2008-09-23,176.0,176.0,176.0,13.2,32.0,5216
2008-09-24,176.0,175.0,176.0,13.0,32.0,5216
2008-09-25,175.0,174.0,175.0,13.25,32.0,5216
2008-09-26,173.0,172.0,173.0,13.25,32.0,5216
2008-09-27,171.0,171.0,171.0,13.5,32.0,5216
2008-09-28,171.0,170.0,171.0,13.4,32.0,5216
2008-09-29,169.0,168.0,169.0,13.4,32.0,5216
2008-09-30,167.0,166.0,167.0,13.15,32.0,5216
2008-10-01,165.0,165.0,165.0,12.65,32.0,5216
2008-10-02,171.0,171.0,171.0,12.25,32.0,5216
2008-10-03,171.0,171.0,171.0,12.0,32.0,5216
2008-10-04,170.0,170.0,170.0,11.5,32.0,5216
2008-10-05,170.0,170.0,170.0,11.8,32.0,5216
2008-10-06,175.0,175.0,175.0,11.45,32.0,5216
2008-10-07,175.0,174.0,175.0,11.25,32.0,5216
2008-10-08,173.0,172.0,173.0,11.2,32.0,5216
2008-10-09,171.0,170.0,171.0,11.1,32.0,5216
2008-10-10,170.0,169.0,170.0,11.0,32.0,5216
2008-10-11,169.0,169.0,169.0,10.5,32.0,5216
2008-10-12,169.0,169.0,169.0,10.3,32.0,5216
2008-10-13,169.0,169.0,169.0,10.6,32.0,5216
2008-10-14,169.0,169.0,169.0,11.0,32.0,5216
2008-10-15,169.0,169.0,169.0,11.05,32.0,5216
2008-10-16,169.0,169.0,169.0,9.75,32.0,5216
2008-10-17,169.0,169.0,169.0,10.2,32.0,5216
2008-10-18,169.0,169.0,169.0,9.95,32.0,5216
2008-10-19,170.0,169.0,171.0,9.95,32.0,5216
2008-10-20,171.0,171.0,171.0,9.95,32.0,5216
2008-10-21,172.0,171.0,172.0,9.7,32.0,5216
2008-10-22,172.0,172.0,172.0,9.95,32.0,5216
2008-10-23,172.0,172.0,172.0,9.8,32.0,5216
2008-10-24,173.0,173.0,173.0,9.6,32.0,5216
2008-10-25,173.0,172.0,173.0,6.6,32.0,5216
2008-10-26,172.0,172.0,172.0,6.5,32.0,5216
2008-10-27,172.0,172.0,172.0,6.1,32.0,5216
2008-10-28,172.0,172.0,172.0,5.4,32.0,5216
2008-10-29,172.0,171.0,172.0,5.1,32.0,5216
2008-10-30,171.0,171.0,171.0,4.55,32.0,5216
2008-10-31,171.0,171.0,171.0,4.4,32.0,5216
2008-11-01,171.0,171.0,171.0,4.2,29.0,5216
2008-11-02,171.0,170.0,171.0,4.55,29.0,5216
2008-11-03,170.0,169.0,170.0,4.6,29.0,5216
2008-11-04,169.0,169.0,169.0,4.05,29.0,5216
2008-11-05,169.0,169.0,169.0,3.7,29.0,5216
2008-11-06,169.0,168.0,169.0,3.3,29.0,5216
2008-11-07,168.0,167.0,168.0,1.15,2.0,5216
2008-11-08,167.0,166.0,167.0,0.4,2.0,5216
2008-11-09,166.0,165.0,166.0,0.2,2.0,5216
2008-11-10,164.0,164.0,164.0,0.0,15.0,5216
2008-11-11,164.0,164.0,164.0,0.1,15.0,5216
2008-11-12,164.0,164.0,164.0,0.2,15.0,5216
2008-11-13,164.0,164.0,164.0,0.2,15.0,5216
2008-11-14,164.0,164.0,164.0,0.2,2.0,5216
2008-11-15,164.0,164.0,164.0,0.0,15.0,5216
2008-11-16,164.0,164.0,164.0,0.0,15.0,5216
2008-11-17,164.0,164.0,164.0,0.0,16.0,5216
2008-11-18,163.0,163.0,163.0,0.0,16.0,5216
2008-11-19,163.0,162.0,163.0,0.0,16.0,5216
2008-11-20,163.0,163.0,163.0,0.0,16.0,5216
2008-11-21,163.0,163.0,163.0,0.0,16.0,5216
2008-11-22,163.0,162.0,163.0,0.0,16.0,5216
2008-11-23,162.0,162.0,162.0,0.0,16.0,5216
2008-11-24,161.0,161.0,161.0,0.0,16.0,5216
2008-11-25,160.0,160.0,160.0,0.0,16.0,5216
2008-11-26,161.0,160.0,161.0,0.0,16.0,5216
2008-11-27,166.0,166.0,166.0,0.0,16.0,5216
2008-11-28,164.0,164.0,164.0,0.0,16.0,5216
2008-11-29,164.0,164.0,164.0,0.0,16.0,5216
2008-11-30,164.0,164.0,164.0,0.0,16.0,5216
2008-12-01,166.0,166.0,166.0,,16.0,5216
2008-12-02,167.0,167.0,167.0,,16.0,5216
2008-12-03,168.0,168.0,168.0,,16.0,5216
2008-12-04,169.0,169.0,169.0,,16.0,5216
2008-12-05,169.0,169.0,169.0,,16.0,5216
2008-12-06,170.0,170.0,170.0,,16.0,5216
2008-12-07,170.0,170.0,170.0,,16.0,5216
2008-12-08,170.0,170.0,170.0,,16.0,5216
2008-12-09,170.0,170.0,170.0,,16.0,5216
2008-12-10,170.0,170.0,170.0,,16.0,5216
2008-12-11,170.0,170.0,170.0,,16.0,5216
2008-12-12,170.0,170.0,170.0,,16.0,5216
2008-12-13,170.0,170.0,170.0,,16.0,5216
2008-12-14,170.0,170.0,170.0,,16.0,5216
2008-12-15,170.0,170.0,170.0,,16.0,5216
2008-12-16,170.0,170.0,170.0,,16.0,5216
2008-12-17,172.0,172.0,172.0,,16.0,5216
2008-12-18,172.0,172.0,172.0,,16.0,5216
2008-12-19,172.0,172.0,172.0,,16.0,5216
2008-12-20,172.0,172.0,172.0,,16.0,5216
2008-12-21,172.0,172.0,172.0,,16.0,5216
2008-12-22,173.0,173.0,173.0,,16.0,5216
2008-12-23,173.0,173.0,173.0,,16.0,5216
2008-12-24,173.0,173.0,173.0,,16.0,5216
2008-12-25,173.0,173.0,173.0,,16.0,5216
2008-12-26,173.0,173.0,173.0,,16.0,5216
2008-12-27,173.0,173.0,173.0,,16.0,5216
2008-12-28,173.0,173.0,173.0,,16.0,5216
2008-12-29,173.0,173.0,173.0,,16.0,5216
2008-12-30,173.0,173.0,173.0,,16.0,5216
2008-12-31,173.0,173.0,173.0,,16.0,5216
2009-01-01,173.0,173.0,173.0,,16.0,5216
2009-01-02,173.0,173.0,173.0,,16.0,5216
2009-01-03,173.0,173.0,173.0,,16.0,5216
2009-01-04,173.0,173.0,173.0,,16.0,5216
2009-01-05,173.0,173.0,173.0,,16.0,5216
2009-01-06,171.0,171.0,171.0,,16.0,5216
2009-01-07,171.0,171.0,171.0,,16.0,5216
2009-01-08,171.0,171.0,171.0,,16.0,5216
2009-01-09,169.0,169.0,169.0,,16.0,5216
2009-01-10,167.0,167.0,167.0,,16.0,5216
2009-01-11,166.0,166.0,166.0,,16.0,5216
2009-01-12,165.0,165.0,165.0,,16.0,5216
2009-01-13,165.0,165.0,165.0,,16.0,5216
2009-01-14,165.0,165.0,165.0,,16.0,5216
2009-01-15,164.0,164.0,164.0,,16.0,5216
2009-01-16,164.0,164.0,164.0,,16.0,5216
2009-01-17,163.0,163.0,163.0,,16.33,5216
2009-01-18,163.0,163.0,163.0,,16.33,5216
2009-01-19,163.0,163.0,163.0,,16.33,5216
2009-01-20,163.0,163.0,163.0,,16.33,5216
2009-01-21,162.0,162.0,162.0,,16.33,5216
2009-01-22,162.0,162.0,162.0,,16.33,5216
2009-01-23,162.0,162.0,162.0,,16.33,5216
2009-01-24,161.0,161.0,161.0,,16.33,5216
2009-01-25,160.0,160.0,160.0,,16.33,5216
2009-01-26,159.0,159.0,159.0,,16.33,5216
2009-01-27,158.0,158.0,158.0,,16.33,5216
2009-01-28,157.0,157.0,157.0,,16.33,5216
2009-01-29,156.0,156.0,156.0,,16.33,5216
2009-01-30,155.0,155.0,155.0,,16.33,5216
2009-01-31,154.0,154.0,154.0,,16.33,5216
2009-02-01,153.0,153.0,153.0,,16.33,5216
2009-02-02,153.0,153.0,153.0,,16.33,5216
2009-02-03,152.0,152.0,152.0,,16.33,5216
2009-02-04,152.0,152.0,152.0,,16.33,5216
2009-02-05,151.0,151.0,151.0,,16.33,5216
2009-02-06,151.0,151.0,151.0,,16.33,5216
2009-02-07,150.0,150.0,150.0,,16.33,5216
2009-02-08,150.0,150.0,150.0,,16.33,5216
2009-02-09,149.0,149.0,149.0,,16.33,5216
2009-02-10,149.0,149.0,149.0,,16.33,5216
2009-02-11,148.0,148.0,148.0,,16.33,5216
2009-02-12,148.0,148.0,148.0,,16.33,5216
2009-02-13,147.0,147.0,147.0,,16.33,5216
2009-02-14,147.0,147.0,147.0,,16.33,5216
2009-02-15,146.0,146.0,146.0,,16.33,5216
2009-02-16,146.0,146.0,146.0,,16.33,5216
2009-02-17,145.0,145.0,145.0,,16.33,5216
2009-02-18,144.0,144.0,144.0,,16.33,5216
2009-02-19,143.0,143.0,143.0,,16.33,5216
2009-02-20,143.0,143.0,143.0,,16.33,5216
2009-02-21,142.0,142.0,142.0,,16.33,5216
2009-02-22,142.0,142.0,142.0,,16.33,5216
2009-02-23,141.0,141.0,141.0,,16.33,5216
2009-02-24,140.0,140.0,140.0,,16.33,5216
2009-02-25,140.0,140.0,140.0,,16.33,5216
2009-02-26,139.0,139.0,139.0,,16.33,5216
2009-02-27,139.0,139.0,139.0,,16.33,5216
2009-02-28,139.0,139.0,139.0,,16.33,5216
2009-03-01,138.0,138.0,138.0,0.0,16.33,5216
2009-03-02,137.0,137.0,137.0,0.0,16.33,5216
2009-03-03,137.0,137.0,137.0,0.0,16.33,5216
2009-03-04,137.0,137.0,137.0,0.0,16.33,5216
2009-03-05,138.0,137.0,139.0,0.0,16.33,5216
2009-03-06,139.0,139.0,139.0,0.0,16.33,5216
2009-03-07,139.0,139.0,139.0,0.0,16.33,5216
2009-03-08,139.0,138.0,139.0,0.0,16.33,5216
2009-03-09,139.0,138.0,140.0,0.0,16.33,5216
2009-03-10,137.0,137.0,137.0,0.0,16.33,5216
2009-03-11,136.0,136.0,136.0,0.0,16.33,5216
2009-03-12,136.0,136.0,136.0,0.0,16.33,5216
2009-03-13,136.0,136.0,136.0,0.0,16.33,5216
2009-03-14,136.0,136.0,136.0,0.0,16.33,5216
2009-03-15,137.0,136.0,138.0,0.0,16.33,5216
2009-03-16,138.0,138.0,138.0,0.0,16.33,5216
2009-03-17,138.0,137.0,138.0,0.0,16.33,5216
2009-03-18,142.0,140.0,143.0,0.0,16.33,5216
2009-03-19,144.0,143.0,144.0,0.0,16.33,5216
2009-03-20,144.0,143.0,144.0,0.0,16.33,5216
2009-03-21,146.0,144.0,147.0,0.0,16.33,5216
2009-03-22,151.0,150.0,152.0,0.0,16.33,5216
2009-03-23,153.0,152.0,153.0,0.0,16.33,5216
2009-03-24,153.0,153.0,153.0,0.0,16.33,5216
2009-03-25,153.0,153.0,153.0,0.0,16.33,5216
2009-03-26,154.0,153.0,155.0,0.0,16.33,5216
2009-03-27,156.0,155.0,157.0,0.0,16.33,5216
2009-03-28,159.0,157.0,160.0,0.0,16.33,5216
2009-03-29,169.0,163.0,174.0,0.0,24.47,5216
2009-03-30,178.0,177.0,178.0,0.0,24.0,5216
2009-03-31,180.0,179.0,181.0,0.0,25.16,5216
2009-04-01,215.0,182.0,248.0,0.1,25.16,5216
2009-04-02,279.0,264.0,286.0,0.7,25.16,5216
2009-04-03,291.0,289.0,292.0,1.4,25.0,5216
2009-04-04,294.0,293.0,295.0,1.8,16.0,5216
2009-04-05,296.0,296.0,296.0,3.3,16.0,5216
2009-04-06,298.0,296.0,300.0,4.3,29.0,5216
2009-04-07,290.0,288.0,292.0,4.7,29.0,5216
2009-04-08,285.0,284.0,286.0,5.4,29.0,5216
2009-04-09,280.0,279.0,281.0,5.6,29.0,5216
2009-04-10,277.0,276.0,277.0,5.9,29.0,5216
2009-04-11,272.0,269.0,275.0,5.5,29.0,5216
2009-04-12,252.0,245.0,259.0,5.5,29.0,5216
2009-04-13,234.0,229.0,239.0,5.5,29.0,5216
2009-04-14,216.0,213.0,219.0,5.4,29.0,5216
2009-04-15,206.0,205.0,207.0,5.7,29.0,5216
2009-04-16,204.0,203.0,204.0,5.8,29.0,5216
2009-04-17,202.0,201.0,202.0,5.9,29.0,5216
2009-04-18,201.0,200.0,201.0,5.8,29.0,5216
2009-04-19,198.0,196.0,199.0,7.3,29.0,5216
2009-04-20,192.0,191.0,192.0,8.6,29.0,5216
2009-04-21,191.0,190.0,191.0,8.4,29.0,5216
2009-04-22,192.0,191.0,192.0,8.3,29.0,5216
2009-04-23,200.0,193.0,207.0,8.2,29.0,5216
2009-04-24,213.0,212.0,213.0,8.4,29.0,5216
2009-04-25,214.0,214.0,214.0,8.5,29.0,5216
2009-04-26,219.0,214.0,224.0,8.6,29.0,5216
2009-04-27,241.0,236.0,246.0,9.0,29.0,5216
2009-04-28,257.0,256.0,257.0,9.1,29.0,5216
2009-04-29,256.0,253.0,259.0,9.8,29.0,5216
2009-04-30,244.0,242.0,246.0,10.9,29.0,5216
2009-05-01,238.0,236.0,239.0,12.3,29.0,5216
2009-05-02,230.0,226.0,233.0,12.2,29.0,5216
2009-05-03,217.0,214.0,219.0,12.3,29.0,5216
2009-05-04,205.0,203.0,207.0,12.3,29.0,5216
2009-05-05,200.0,199.0,201.0,12.1,29.0,5216
2009-05-06,195.0,195.0,195.0,12.2,29.0,5216
2009-05-07,195.0,195.0,195.0,11.9,29.0,5216
2009-05-08,195.0,194.0,195.0,11.9,29.0,5216
2009-05-09,194.0,193.0,194.0,11.7,29.0,5216
2009-05-10,192.0,191.0,193.0,11.4,29.0,5216
2009-05-11,189.0,188.0,189.0,11.5,29.0,5216
2009-05-12,188.0,187.0,188.0,11.3,29.0,5216
2009-05-13,187.0,186.0,187.0,11.4,29.0,5216
2009-05-14,186.0,185.0,186.0,11.7,29.0,5216
2009-05-15,185.0,184.0,185.0,11.6,29.0,5216
2009-05-16,184.0,183.0,184.0,11.7,29.0,5216
2009-05-17,183.0,183.0,183.0,11.7,29.0,5216
2009-05-18,183.0,182.0,183.0,11.6,29.0,5216
2009-05-19,182.0,182.0,182.0,14.4,29.0,5216
2009-05-20,182.0,182.0,182.0,14.7,29.0,5216
2009-05-21,181.0,181.0,181.0,14.6,29.0,5216
2009-05-22,181.0,181.0,181.0,14.8,29.0,5216
2009-05-23,181.0,181.0,181.0,15.0,29.0,5216
2009-05-24,180.0,179.0,180.0,16.2,29.0,5216
2009-05-25,179.0,179.0,179.0,15.8,29.0,5216
2009-05-26,179.0,179.0,179.0,15.5,29.0,5216
2009-05-27,179.0,178.0,179.0,15.4,29.0,5216
2009-05-28,178.0,177.0,178.0,15.7,29.0,5216
2009-05-29,177.0,177.0,177.0,15.8,29.0,5216
2009-05-30,176.0,176.0,176.0,15.7,29.0,5216
2009-05-31,176.0,176.0,176.0,15.6,29.0,5216
2009-06-01,175.0,175.0,175.0,15.6,29.0,5216
2009-06-02,175.0,175.0,175.0,15.4,29.0,5216
2009-06-03,174.0,174.0,174.0,15.3,29.0,5216
2009-06-04,174.0,174.0,174.0,14.7,29.0,5216
2009-06-05,175.0,174.0,175.0,14.6,29.0,5216
2009-06-06,175.0,174.0,175.0,14.8,29.0,5216
2009-06-07,173.0,173.0,173.0,15.5,29.0,5216
2009-06-08,173.0,173.0,173.0,17.6,29.0,5216
2009-06-09,172.0,172.0,172.0,16.9,29.0,5216
2009-06-10,172.0,172.0,172.0,16.4,29.0,5216
2009-06-11,172.0,172.0,172.0,16.6,29.0,5216
2009-06-12,173.0,173.0,173.0,16.1,29.0,5216
2009-06-13,173.0,173.0,173.0,15.9,29.0,5216
2009-06-14,175.0,173.0,176.0,16.2,29.0,5216
2009-06-15,179.0,178.0,179.0,16.2,29.0,5216
2009-06-16,181.0,181.0,181.0,15.9,29.0,5216
2009-06-17,183.0,182.0,183.0,16.0,29.0,5216
2009-06-18,184.0,184.0,184.0,16.1,29.0,5216
2009-06-19,184.0,184.0,184.0,16.4,29.0,5216
2009-06-20,186.0,185.0,186.0,15.6,29.0,5216
2009-06-21,188.0,187.0,188.0,16.1,29.0,5216
2009-06-22,188.0,188.0,188.0,16.4,29.0,5216
2009-06-23,190.0,189.0,190.0,16.7,29.0,5216
2009-06-24,192.0,191.0,192.0,16.9,29.0,5216
2009-06-25,193.0,193.0,193.0,17.1,29.0,5216
2009-06-26,193.0,193.0,193.0,17.3,29.0,5216
2009-06-27,193.0,192.0,193.0,18.4,29.0,5216
2009-06-28,192.0,191.0,192.0,20.3,29.0,5216
2009-06-29,189.0,189.0,189.0,21.6,29.0,5216
2009-06-30,190.0,190.0,190.0,21.6,29.0,5216
2009-07-01,191.0,191.0,191.0,21.7,29.0,5216
2009-07-02,192.0,192.0,192.0,21.6,29.0,5216
2009-07-03,192.0,192.0,192.0,21.6,29.0,5216
2009-07-04,192.0,191.0,192.0,21.8,29.0,5216
2009-07-05,191.0,191.0,191.0,21.6,29.0,5216
2009-07-06,191.0,190.0,191.0,21.4,29.0,5216
2009-07-07,190.0,190.0,190.0,21.2,29.0,5216
2009-07-08,190.0,190.0,190.0,20.9,29.0,5216
2009-07-09,191.0,191.0,191.0,20.9,29.0,5216
2009-07-10,193.0,192.0,193.0,20.8,29.0,5216
2009-07-11,194.0,194.0,194.0,20.6,29.0,5216
2009-07-12,193.0,191.0,194.0,20.6,29.0,5216
2009-07-13,186.0,184.0,188.0,20.8,29.0,5216
2009-07-14,181.0,181.0,181.0,20.5,29.0,5216
2009-07-15,185.0,182.0,187.0,20.3,29.0,5216
2009-07-16,198.0,195.0,200.0,21.0,29.0,5216
2009-07-17,206.0,205.0,207.0,21.6,29.0,5216
2009-07-18,210.0,209.0,211.0,21.8,29.0,5216
2009-07-19,212.0,211.0,213.0,21.9,29.0,5216
2009-07-20,211.0,210.0,211.0,22.3,29.0,5216
2009-07-21,218.0,212.0,223.0,22.2,29.0,5216
2009-07-22,233.0,229.0,237.0,22.0,29.0,5216
2009-07-23,252.0,245.0,258.0,20.0,29.0,5216
2009-07-24,276.0,264.0,288.0,20.5,29.0,5216
2009-07-25,310.0,297.0,327.0,20.7,29.0,5216
2009-07-26,333.0,331.0,335.0,20.9,29.0,5216
2009-07-27,372.0,355.0,381.0,21.0,29.0,5216
2009-07-28,382.0,381.0,383.0,21.0,29.0,5216
2009-07-29,379.0,378.0,380.0,21.1,29.0,5216
2009-07-30,374.0,372.0,376.0,21.2,29.0,5216
2009-07-31,365.0,363.0,367.0,21.2,29.0,5216
2009-08-01,357.0,355.0,359.0,21.1,29.0,5216
2009-08-02,348.0,345.0,351.0,21.4,29.0,5216
2009-08-03,336.0,333.0,338.0,21.5,29.0,5216
2009-08-04,323.0,318.0,328.0,21.5,29.0,5216
2009-08-05,301.0,294.0,308.0,21.7,29.0,5216
2009-08-06,277.0,270.0,284.0,22.3,29.0,5216
2009-08-07,264.0,261.0,266.0,22.3,29.0,5216
2009-08-08,253.0,250.0,256.0,22.2,29.0,5216
2009-08-09,241.0,237.0,244.0,22.0,29.0,5216
2009-08-10,227.0,224.0,229.0,21.9,29.0,5216
2009-08-11,218.0,216.0,219.0,21.6,29.0,5216
2009-08-12,213.0,212.0,214.0,21.4,29.0,5216
2009-08-13,208.0,206.0,209.0,21.5,29.0,5216
2009-08-14,203.0,201.0,204.0,21.1,29.0,5216
2009-08-15,198.0,196.0,199.0,21.2,29.0,5216
2009-08-16,194.0,194.0,194.0,21.1,29.0,5216
2009-08-17,193.0,193.0,193.0,21.1,29.0,5216
2009-08-18,193.0,192.0,193.0,20.8,29.0,5216
2009-08-19,193.0,193.0,193.0,21.1,29.0,5216
2009-08-20,205.0,195.0,214.0,21.3,29.0,5216
2009-08-21,220.0,219.0,220.0,21.0,29.0,5216
2009-08-22,221.0,221.0,221.0,20.8,29.0,5216
2009-08-23,224.0,221.0,227.0,20.6,29.0,5216
2009-08-24,233.0,232.0,234.0,20.3,29.0,5216
2009-08-25,238.0,236.0,239.0,20.5,29.0,5216
2009-08-26,262.0,254.0,269.0,20.7,29.0,5216
2009-08-27,277.0,274.0,279.0,20.5,29.0,5216
2009-08-28,287.0,284.0,289.0,20.1,29.0,5216
2009-08-29,287.0,284.0,289.0,19.4,29.0,5216
2009-08-30,278.0,274.0,281.0,19.5,29.0,5216
2009-08-31,263.0,256.0,269.0,19.1,29.0,5216
2009-09-01,244.0,239.0,249.0,19.2,29.0,5216
2009-09-02,227.0,224.0,229.0,19.4,29.0,5216
2009-09-03,214.0,211.0,217.0,19.3,29.0,5216
2009-09-04,205.0,203.0,207.0,19.6,29.0,5216
2009-09-05,198.0,197.0,199.0,19.0,29.0,5216
2009-09-06,196.0,195.0,196.0,18.8,29.0,5216
2009-09-07,199.0,199.0,199.0,18.6,29.0,5216
2009-09-08,197.0,196.0,198.0,17.2,29.0,5216
2009-09-09,196.0,194.0,197.0,16.7,29.0,5216
2009-09-10,199.0,199.0,199.0,16.5,29.0,5216
2009-09-11,197.0,197.0,197.0,16.3,29.0,5216
2009-09-12,197.0,196.0,197.0,16.1,29.0,5216
2009-09-13,195.0,194.0,195.0,16.2,29.0,5216
2009-09-14,194.0,193.0,194.0,16.1,29.0,5216
2009-09-15,192.0,191.0,192.0,16.0,29.0,5216
2009-09-16,190.0,189.0,190.0,15.9,29.0,5216
2009-09-17,188.0,187.0,188.0,16.0,29.0,5216
2009-09-18,186.0,185.0,186.0,15.8,29.0,5216
2009-09-19,184.0,183.0,184.0,15.4,29.0,5216
2009-09-20,183.0,183.0,183.0,15.6,29.0,5216
2009-09-21,184.0,183.0,184.0,15.4,29.0,5216
2009-09-22,185.0,185.0,185.0,15.5,29.0,5216
2009-09-23,185.0,185.0,185.0,15.4,29.0,5216
2009-09-24,185.0,184.0,185.0,15.2,29.0,5216
2009-09-25,184.0,183.0,184.0,15.4,29.0,5216
2009-09-26,183.0,182.0,183.0,15.4,29.0,5216
2009-09-27,182.0,182.0,182.0,15.3,29.0,5216
2009-09-28,183.0,182.0,183.0,15.3,29.0,5216
2009-09-29,186.0,185.0,186.0,15.3,29.0,5216
2009-09-30,188.0,187.0,189.0,15.3,29.0,5216
2009-10-01,190.0,190.0,190.0,14.3,29.0,5216
2009-10-02,191.0,191.0,191.0,13.2,29.0,5216
2009-10-03,191.0,191.0,191.0,13.0,29.0,5216
2009-10-04,191.0,190.0,191.0,12.6,29.0,5216
2009-10-05,190.0,189.0,190.0,12.2,29.0,5216
2009-10-06,188.0,187.0,189.0,11.1,29.0,5216
2009-10-07,185.0,184.0,185.0,10.0,29.0,5216
2009-10-08,183.0,183.0,183.0,9.9,29.0,5216
2009-10-09,183.0,182.0,183.0,10.0,29.0,5216
2009-10-10,182.0,181.0,182.0,10.0,29.0,5216
2009-10-11,181.0,180.0,181.0,9.7,29.0,5216
2009-10-12,180.0,179.0,180.0,9.6,29.0,5216
2009-10-13,179.0,179.0,179.0,9.7,29.0,5216
2009-10-14,179.0,178.0,179.0,9.8,29.0,5216
2009-10-15,178.0,178.0,178.0,9.9,29.0,5216
2009-10-16,178.0,178.0,178.0,9.9,29.0,5216
2009-10-17,178.0,177.0,178.0,9.8,29.0,5216
2009-10-18,177.0,177.0,177.0,9.7,29.0,5216
2009-10-19,178.0,177.0,178.0,9.6,29.0,5216
2009-10-20,179.0,179.0,179.0,9.5,29.0,5216
2009-10-21,179.0,178.0,179.0,9.3,29.0,5216
2009-10-22,177.0,177.0,177.0,8.9,29.0,5216
2009-10-23,177.0,177.0,177.0,9.1,29.0,5216
2009-10-24,177.0,177.0,177.0,8.9,29.0,5216
2009-10-25,178.0,177.0,179.0,9.1,29.0,5216
2009-10-26,183.0,181.0,184.0,9.0,29.0,5216
2009-10-27,191.0,189.0,193.0,8.6,29.0,5216
2009-10-28,198.0,197.0,198.0,8.3,29.0,5216
2009-10-29,198.0,198.0,198.0,8.4,29.0,5216
2009-10-30,200.0,199.0,200.0,8.2,29.0,5216
2009-10-31,200.0,200.0,200.0,7.0,29.0,5216
2009-11-01,200.0,199.0,200.0,3.1,29.0,5216
2009-11-02,196.0,195.0,197.0,1.0,2.0,5216
2009-11-03,193.0,192.0,193.0,0.1,2.0,5216
2009-11-04,190.0,188.0,191.0,0.1,2.0,5216
2009-11-05,186.0,186.0,186.0,1.3,2.0,5216
2009-11-06,186.0,186.0,186.0,2.3,2.29,5216
2009-11-07,187.0,187.0,187.0,2.3,29.0,5216
2009-11-08,188.0,187.0,188.0,2.3,29.0,5216
2009-11-09,190.0,189.0,190.0,1.9,29.0,5216
2009-11-10,191.0,191.0,191.0,1.0,2.0,5216
2009-11-11,192.0,190.0,193.0,0.0,16.0,5216
2009-11-12,195.0,194.0,195.0,0.0,16.0,5216
2009-11-13,196.0,196.0,196.0,0.0,16.0,5216
2009-11-14,196.0,195.0,196.0,0.0,16.0,5216
2009-11-15,194.0,193.0,194.0,0.0,16.0,5216
2009-11-16,192.0,191.0,192.0,0.0,16.0,5216
2009-11-17,190.0,189.0,190.0,0.0,16.0,5216
2009-11-18,187.0,187.0,187.0,0.0,16.0,5216
2009-11-19,186.0,186.0,186.0,0.0,16.0,5216
2009-11-20,185.0,185.0,185.0,0.0,16.0,5216
2009-11-21,185.0,184.0,185.0,0.0,16.0,5216
2009-11-22,182.0,182.0,182.0,0.0,16.0,5216
2009-11-23,181.0,181.0,181.0,0.0,16.0,5216
2009-11-24,181.0,180.0,181.0,0.0,16.0,5216
2009-11-25,179.0,178.0,179.0,0.0,16.0,5216
2009-11-26,178.0,177.0,178.0,0.0,16.0,5216
2009-11-27,177.0,176.0,177.0,0.0,16.0,5216
2009-11-28,175.0,175.0,175.0,0.0,16.0,5216
2009-11-29,174.0,173.0,174.0,0.0,16.0,5216
2009-11-30,174.0,172.0,175.0,0.0,16.0,5216
2009-12-01,180.0,180.0,180.0,,16.0,5216
2009-12-02,181.0,181.0,181.0,,16.0,5216
2009-12-03,181.0,181.0,181.0,,16.0,5216
2009-12-04,182.0,182.0,182.0,,16.0,5216
2009-12-05,182.0,182.0,182.0,,16.0,5216
2009-12-06,181.0,181.0,181.0,,16.0,5216
2009-12-07,181.0,181.0,181.0,,16.0,5216
2009-12-08,181.0,181.0,181.0,,16.0,5216
2009-12-09,180.0,180.0,180.0,,16.0,5216
2009-12-10,180.0,180.0,180.0,,16.0,5216
2009-12-11,180.0,180.0,180.0,,16.0,5216
2009-12-12,180.0,180.0,180.0,,16.0,5216
2009-12-13,180.0,180.0,180.0,,16.0,5216
2009-12-14,180.0,180.0,180.0,,16.0,5216
2009-12-15,180.0,180.0,180.0,,16.0,5216
2009-12-16,180.0,180.0,180.0,,16.0,5216
2009-12-17,179.0,179.0,179.0,,16.0,5216
2009-12-18,179.0,179.0,179.0,,16.0,5216
2009-12-19,179.0,179.0,179.0,,16.0,5216
2009-12-20,178.0,178.0,178.0,,16.0,5216
2009-12-21,178.0,178.0,178.0,,16.0,5216
2009-12-22,178.0,178.0,178.0,,16.0,5216
2009-12-23,178.0,178.0,178.0,,16.0,5216
2009-12-24,177.0,177.0,177.0,,16.0,5216
2009-12-25,177.0,177.0,177.0,,16.0,5216
2009-12-26,177.0,177.0,177.0,,16.0,5216
2009-12-27,177.0,177.0,177.0,,16.0,5216
2009-12-28,177.0,177.0,177.0,,16.0,5216
2009-12-29,176.0,176.0,176.0,,16.0,5216
2009-12-30,176.0,176.0,176.0,,16.0,5216
2009-12-31,176.0,176.0,176.0,,16.0,5216
2010-01-01,176.0,176.0,176.0,,16.0,5216
2010-01-02,176.0,176.0,176.0,,16.0,5216
2010-01-03,176.0,176.0,176.0,,16.0,5216
2010-01-04,175.0,175.0,175.0,,16.0,5216
2010-01-05,175.0,175.0,175.0,,16.0,5216
2010-01-06,175.0,175.0,175.0,,16.0,5216
2010-01-07,175.0,175.0,175.0,,16.0,5216
2010-01-08,175.0,175.0,175.0,,16.0,5216
2010-01-09,174.0,174.0,174.0,,16.0,5216
2010-01-10,174.0,174.0,174.0,,16.0,5216
2010-01-11,173.0,173.0,173.0,,16.0,5216
2010-01-12,173.0,173.0,173.0,,16.0,5216
2010-01-13,173.0,173.0,173.0,,16.0,5216
2010-01-14,173.0,173.0,173.0,,16.0,5216
2010-01-15,172.0,172.0,172.0,,16.0,5216
2010-01-16,172.0,172.0,172.0,,16.0,5216
2010-01-17,172.0,172.0,172.0,,16.0,5216
2010-01-18,172.0,172.0,172.0,,16.0,5216
2010-01-19,172.0,172.0,172.0,,16.0,5216
2010-01-20,171.0,171.0,171.0,,16.0,5216
2010-01-21,171.0,171.0,171.0,,16.0,5216
2010-01-22,171.0,171.0,171.0,,16.0,5216
2010-01-23,170.0,170.0,170.0,,16.0,5216
2010-01-24,171.0,171.0,171.0,,16.0,5216
2010-01-25,172.0,172.0,172.0,,16.0,5216
2010-01-26,172.0,172.0,172.0,,16.0,5216
2010-01-27,172.0,172.0,172.0,,16.0,5216
2010-01-28,173.0,173.0,173.0,,16.0,5216
2010-01-29,173.0,173.0,173.0,,16.0,5216
2010-01-30,173.0,173.0,173.0,,16.0,5216
2010-01-31,174.0,174.0,174.0,,16.0,5216
2010-02-01,174.0,174.0,174.0,,16.0,5216
2010-02-02,174.0,174.0,174.0,,16.0,5216
2010-02-03,173.0,173.0,173.0,,16.0,5216
2010-02-04,173.0,173.0,173.0,,16.0,5216
2010-02-05,173.0,173.0,173.0,,16.0,5216
2010-02-06,172.0,172.0,172.0,,16.0,5216
2010-02-07,172.0,172.0,172.0,,16.0,5216
2010-02-08,172.0,172.0,172.0,,16.0,5216
2010-02-09,171.0,171.0,171.0,,16.0,5216
2010-02-10,171.0,171.0,171.0,,16.0,5216
2010-02-11,171.0,171.0,171.0,,16.0,5216
2010-02-12,170.0,170.0,170.0,,16.0,5216
2010-02-13,170.0,170.0,170.0,,16.0,5216
2010-02-14,169.0,169.0,169.0,,16.0,5216
2010-02-15,169.0,169.0,169.0,,16.0,5216
2010-02-16,169.0,169.0,169.0,,16.0,5216
2010-02-17,168.0,168.0,168.0,,16.0,5216
2010-02-18,168.0,168.0,168.0,,16.0,5216
2010-02-19,168.0,168.0,168.0,,16.0,5216
2010-02-20,168.0,168.0,168.0,,16.0,5216
2010-02-21,168.0,168.0,168.0,,16.0,5216
2010-02-22,169.0,169.0,169.0,,16.0,5216
2010-02-23,171.0,171.0,171.0,,16.0,5216
2010-02-24,173.0,173.0,173.0,,16.0,5216
2010-02-25,176.0,176.0,176.0,,16.0,5216
2010-02-26,178.0,178.0,178.0,,16.0,5216
2010-02-27,180.0,180.0,180.0,,16.0,5216
2010-02-28,182.0,182.0,182.0,,16.0,5216
2010-03-01,182.0,182.0,182.0,0.0,16.0,5216
2010-03-02,182.0,181.0,182.0,0.0,16.0,5216
2010-03-03,181.0,180.0,181.0,0.0,16.0,5216
2010-03-04,179.0,178.0,179.0,0.0,16.0,5216
2010-03-05,180.0,179.0,180.0,0.0,16.0,5216
2010-03-06,180.0,180.0,180.0,0.0,16.0,5216
2010-03-07,180.0,180.0,180.0,0.0,16.0,5216
2010-03-08,180.0,180.0,180.0,0.0,16.0,5216
2010-03-09,180.0,179.0,180.0,0.0,16.0,5216
2010-03-10,179.0,179.0,179.0,0.0,16.0,5216
2010-03-11,180.0,179.0,180.0,0.0,16.0,5216
2010-03-12,182.0,181.0,182.0,0.0,16.0,5216
2010-03-13,182.0,182.0,182.0,0.0,16.0,5216
2010-03-14,182.0,182.0,182.0,0.0,16.0,5216
2010-03-15,182.0,182.0,182.0,0.0,16.0,5216
2010-03-16,182.0,182.0,182.0,0.0,16.0,5216
2010-03-17,182.0,182.0,182.0,0.0,16.0,5216
2010-03-18,182.0,181.0,182.0,0.0,16.0,5216
2010-03-19,184.0,183.0,184.0,0.0,16.0,5216
2010-03-20,184.0,184.0,184.0,0.0,16.0,5216
2010-03-21,185.0,184.0,185.0,0.0,16.0,5216
2010-03-22,185.0,185.0,185.0,0.0,16.0,5216
2010-03-23,186.0,185.0,187.0,0.0,16.0,5216
2010-03-24,188.0,187.0,188.0,0.0,16.0,5216
2010-03-25,189.0,188.0,189.0,0.0,16.0,5216
2010-03-26,189.0,189.0,189.0,0.0,16.0,5216
2010-03-27,189.0,189.0,189.0,0.0,16.0,5216
2010-03-28,189.0,189.0,189.0,0.0,16.0,5216
2010-03-29,189.0,189.0,189.0,0.0,16.0,5216
2010-03-30,190.0,189.0,190.0,0.0,16.47,5216
2010-03-31,191.0,191.0,191.0,0.1,16.47,5216
2010-04-01,192.0,191.0,193.0,0.2,16.47,5216
2010-04-02,196.0,195.0,196.0,0.2,24.16,5216
2010-04-03,197.0,196.0,197.0,0.1,16.47,5216
2010-04-04,213.0,199.0,227.0,0.2,24.16,5216
2010-04-05,329.0,270.0,374.0,0.2,25.16,5216
2010-04-06,376.0,370.0,381.0,0.2,25.16,5216
2010-04-07,386.0,385.0,387.0,0.2,16.0,5216
2010-04-08,394.0,392.0,395.0,0.9,16.0,5216
2010-04-09,398.0,397.0,398.0,0.7,16.0,5216
2010-04-10,392.0,390.0,393.0,0.9,16.0,5216
2010-04-11,386.0,385.0,387.0,0.7,16.0,5216
2010-04-12,381.0,378.0,383.0,0.9,16.0,5216
2010-04-13,371.0,368.0,373.0,1.1,29.0,5216
2010-04-14,361.0,358.0,363.0,1.0,29.0,5216
2010-04-15,351.0,348.0,353.0,1.6,29.0,5216
2010-04-16,342.0,340.0,343.0,2.2,29.0,5216
2010-04-17,335.0,333.0,336.0,2.4,29.0,5216
2010-04-18,329.0,327.0,330.0,2.6,29.0,5216
2010-04-19,323.0,321.0,324.0,2.8,29.0,5216
2010-04-20,314.0,310.0,318.0,3.2,29.0,5216
2010-04-21,305.0,304.0,306.0,3.3,29.0,5216
2010-04-22,304.0,303.0,304.0,3.2,29.0,5216
2010-04-23,301.0,300.0,302.0,3.8,29.0,5216
2010-04-24,296.0,295.0,297.0,4.4,29.0,5216
2010-04-25,298.0,293.0,303.0,5.8,29.0,5216
2010-04-26,318.0,317.0,318.0,7.2,29.0,5216
2010-04-27,316.0,315.0,316.0,7.5,29.0,5216
2010-04-28,315.0,313.0,316.0,7.1,29.0,5216
2010-04-29,301.0,294.0,308.0,6.7,29.0,5216
2010-04-30,290.0,287.0,292.0,7.1,29.0,5216
2010-05-01,283.0,282.0,284.0,9.7,29.0,5216
2010-05-02,289.0,287.0,290.0,9.9,29.0,5216
2010-05-03,295.0,293.0,296.0,9.9,29.0,5216
2010-05-04,298.0,297.0,299.0,9.9,29.0,5216
2010-05-05,294.0,293.0,295.0,10.0,29.0,5216
2010-05-06,292.0,291.0,293.0,10.2,29.0,5216
2010-05-07,296.0,295.0,296.0,9.4,29.0,5216
2010-05-08,299.0,298.0,299.0,9.4,29.0,5216
2010-05-09,307.0,297.0,317.0,10.3,29.0,5216
2010-05-10,332.0,322.0,343.0,12.1,29.0,5216
2010-05-11,350.0,348.0,352.0,11.6,29.0,5216
2010-05-12,345.0,341.0,348.0,10.3,29.0,5216
2010-05-13,331.0,329.0,333.0,10.6,29.0,5216
2010-05-14,324.0,323.0,325.0,11.0,29.0,5216
2010-05-15,325.0,320.0,330.0,11.3,29.0,5216
2010-05-16,340.0,338.0,342.0,12.3,29.0,5216
2010-05-17,334.0,332.0,336.0,14.4,29.0,5216
2010-05-18,326.0,323.0,328.0,17.1,29.0,5216
2010-05-19,317.0,315.0,318.0,17.4,29.0,5216
2010-05-20,311.0,309.0,312.0,17.5,29.0,5216
2010-05-21,305.0,303.0,306.0,17.4,29.0,5216
2010-05-22,311.0,300.0,322.0,17.7,29.0,5216
2010-05-23,356.0,340.0,362.0,17.6,29.0,5216
2010-05-24,348.0,348.0,348.0,17.8,29.0,5216
2010-05-25,349.0,348.0,349.0,17.5,29.0,5216
2010-05-26,355.0,349.0,361.0,17.5,29.0,5216
2010-05-27,380.0,369.0,393.0,17.6,29.0,5216
2010-05-28,383.0,378.0,388.0,17.4,29.0,5216
2010-05-29,371.0,368.0,373.0,17.5,29.0,5216
2010-05-30,361.0,358.0,363.0,17.6,29.0,5216
2010-05-31,349.0,346.0,351.0,19.7,29.0,5216
2010-06-01,338.0,335.0,341.0,19.8,31.0,5216
2010-06-02,328.0,325.0,331.0,19.6,31.0,5216
2010-06-03,311.0,308.0,313.0,19.9,31.0,5216
2010-06-04,297.0,294.0,299.0,20.0,31.0,5216
2010-06-05,287.0,284.0,289.0,19.8,31.0,5216
2010-06-06,278.0,276.0,279.0,20.3,31.0,5216
2010-06-07,271.0,269.0,272.0,20.6,31.0,5216
2010-06-08,263.0,261.0,264.0,21.0,31.0,5216
2010-06-09,254.0,249.0,258.0,21.2,31.0,5216
2010-06-10,238.0,235.0,240.0,21.6,31.0,5216
2010-06-11,229.0,227.0,230.0,22.3,31.0,5216
2010-06-12,223.0,222.0,224.0,22.6,31.0,5216
2010-06-13,220.0,220.0,220.0,22.3,31.0,5216
2010-06-14,220.0,219.0,220.0,21.9,31.0,5216
2010-06-15,218.0,217.0,218.0,21.7,31.0,5216
2010-06-16,217.0,216.0,217.0,21.8,31.0,5216
2010-06-17,213.0,210.0,215.0,22.2,31.0,5216
2010-06-18,206.0,205.0,207.0,22.4,31.0,5216
2010-06-19,202.0,200.0,203.0,22.6,31.0,5216
2010-06-20,197.0,197.0,197.0,22.7,31.0,5216
2010-06-21,196.0,195.0,197.0,22.8,31.0,5216
2010-06-22,194.0,193.0,194.0,22.4,31.0,5216
2010-06-23,192.0,191.0,192.0,22.8,31.0,5216
2010-06-24,189.0,188.0,190.0,23.2,31.0,5216
2010-06-25,185.0,184.0,186.0,23.2,31.0,5216
2010-06-26,181.0,180.0,182.0,22.9,31.0,5216
2010-06-27,178.0,177.0,178.0,22.7,31.0,5216
2010-06-28,174.0,173.0,175.0,22.5,31.0,5216
2010-06-29,172.0,172.0,172.0,22.3,31.0,5216
2010-06-30,172.0,171.0,172.0,22.1,31.0,5216
2010-07-01,171.0,170.0,171.0,21.8,31.0,5216
2010-07-02,170.0,170.0,170.0,22.0,31.0,5216
2010-07-03,170.0,169.0,170.0,22.0,31.0,5216
2010-07-04,169.0,169.0,169.0,21.9,31.0,5216
2010-07-05,172.0,169.0,174.0,22.0,31.0,5216
2010-07-06,182.0,179.0,184.0,22.0,31.0,5216
2010-07-07,192.0,189.0,195.0,22.1,31.0,5216
2010-07-08,208.0,201.0,215.0,22.1,31.0,5216
2010-07-09,230.0,229.0,231.0,22.0,31.0,5216
2010-07-10,233.0,231.0,234.0,22.2,31.0,5216
2010-07-11,231.0,228.0,234.0,22.4,31.0,5216
2010-07-12,238.0,236.0,239.0,22.6,31.0,5216
2010-07-13,243.0,242.0,244.0,22.8,31.0,5216
2010-07-14,246.0,246.0,246.0,22.9,31.0,5216
2010-07-15,244.0,241.0,246.0,22.9,31.0,5216
2010-07-16,235.0,233.0,237.0,23.0,31.0,5216
2010-07-17,228.0,226.0,229.0,23.1,31.0,5216
2010-07-18,223.0,222.0,223.0,22.8,31.0,5216
2010-07-19,220.0,219.0,221.0,22.8,31.0,5216
2010-07-20,215.0,213.0,216.0,22.9,31.0,5216
2010-07-21,211.0,210.0,211.0,22.8,31.0,5216
2010-07-22,209.0,208.0,209.0,22.4,31.0,5216
2010-07-23,206.0,206.0,206.0,22.7,31.0,5216
2010-07-24,207.0,206.0,207.0,22.7,31.0,5216
2010-07-25,209.0,208.0,210.0,22.9,31.0,5216
2010-07-26,214.0,213.0,214.0,23.3,31.0,5216
2010-07-27,216.0,216.0,216.0,23.5,31.0,5216
2010-07-28,222.0,220.0,224.0,23.4,31.0,5216
2010-07-29,230.0,224.0,236.0,23.1,31.0,5216
2010-07-30,255.0,249.0,261.0,21.8,31.0,5216
2010-07-31,277.0,274.0,280.0,21.5,31.0,5216
2010-08-01,287.0,284.0,290.0,21.4,31.0,5216
2010-08-02,274.0,269.0,279.0,21.5,31.0,5216
2010-08-03,252.0,244.0,259.0,21.7,31.0,5216
2010-08-04,249.0,248.0,249.0,21.8,31.0,5216
2010-08-05,246.0,245.0,246.0,21.6,31.0,5216
2010-08-06,244.0,243.0,244.0,21.7,31.0,5216
2010-08-07,242.0,241.0,242.0,21.9,31.0,5216
2010-08-08,240.0,240.0,240.0,21.8,31.0,5216
2010-08-09,240.0,240.0,240.0,21.6,31.0,5216
2010-08-10,239.0,236.0,242.0,22.0,31.0,5216
2010-08-11,230.0,229.0,231.0,22.1,31.0,5216
2010-08-12,223.0,222.0,224.0,22.6,31.0,5216
2010-08-13,221.0,220.0,222.0,22.9,31.0,5216
2010-08-14,219.0,218.0,220.0,23.5,31.0,5216
2010-08-15,226.0,221.0,231.0,24.0,31.0,5216
2010-08-16,235.0,234.0,236.0,23.3,31.0,5216
2010-08-17,241.0,239.0,242.0,23.3,31.0,5216
2010-08-18,244.0,243.0,244.0,23.1,31.0,5216
2010-08-19,246.0,245.0,246.0,24.2,31.0,5216
2010-08-20,246.0,245.0,246.0,24.7,31.0,5216
2010-08-21,242.0,239.0,244.0,25.0,31.0,5216
2010-08-22,233.0,231.0,234.0,25.4,31.0,5216
2010-08-23,226.0,224.0,227.0,24.7,31.0,5216
2010-08-24,219.0,217.0,221.0,24.5,31.0,5216
2010-08-25,220.0,220.0,220.0,24.7,31.0,5216
2010-08-26,219.0,219.0,219.0,24.4,31.0,5216
2010-08-27,218.0,217.0,218.0,24.0,31.0,5216
2010-08-28,217.0,217.0,217.0,24.0,31.0,5216
2010-08-29,217.0,217.0,217.0,23.6,31.0,5216
2010-08-30,217.0,216.0,217.0,24.1,31.0,5216
2010-08-31,217.0,217.0,217.0,24.3,31.0,5216
2010-09-01,217.0,217.0,217.0,24.4,31.0,5216
2010-09-02,217.0,216.0,217.0,24.3,31.0,5216
2010-09-03,216.0,216.0,216.0,24.2,31.0,5216
2010-09-04,216.0,215.0,216.0,24.0,31.0,5216
2010-09-05,214.0,213.0,215.0,23.8,31.0,5216
2010-09-06,208.0,206.0,209.0,23.9,31.0,5216
2010-09-07,202.0,200.0,204.0,22.7,31.0,5216
2010-09-08,198.0,196.0,199.0,22.3,31.0,5216
2010-09-09,193.0,192.0,194.0,22.6,31.0,5216
2010-09-10,190.0,189.0,190.0,22.3,31.0,5216
2010-09-11,187.0,186.0,188.0,22.1,31.0,5216
2010-09-12,184.0,184.0,184.0,21.9,31.0,5216
2010-09-13,183.0,182.0,184.0,21.9,31.0,5216
2010-09-14,179.0,178.0,179.0,21.8,31.0,5216
2010-09-15,178.0,177.0,178.0,21.7,31.0,5216
2010-09-16,176.0,176.0,176.0,21.7,31.0,5216
2010-09-17,176.0,176.0,176.0,21.6,31.0,5216
2010-09-18,176.0,175.0,176.0,21.6,31.0,5216
2010-09-19,175.0,175.0,175.0,21.5,31.0,5216
2010-09-20,175.0,175.0,175.0,21.3,31.0,5216
2010-09-21,175.0,174.0,175.0,18.6,32.0,5216
2010-09-22,174.0,174.0,174.0,16.4,32.0,5216
2010-09-23,174.0,174.0,174.0,13.7,32.0,5216
2010-09-24,173.0,173.0,173.0,11.9,32.0,5216
2010-09-25,173.0,172.0,173.0,12.8,32.0,5216
2010-09-26,172.0,172.0,172.0,12.6,32.0,5216
2010-09-27,173.0,172.0,173.0,12.2,32.0,5216
2010-09-28,173.0,173.0,173.0,11.9,32.0,5216
2010-09-29,173.0,172.0,173.0,11.8,32.0,5216
2010-09-30,172.0,172.0,172.0,11.6,32.0,5216
2010-10-01,172.0,172.0,172.0,11.9,32.0,5216
2010-10-02,172.0,171.0,172.0,11.8,32.0,5216
2010-10-03,171.0,171.0,171.0,11.7,32.0,5216
2010-10-04,173.0,173.0,173.0,11.4,32.0,5216
2010-10-05,174.0,173.0,174.0,11.2,32.0,5216
2010-10-06,174.0,174.0,174.0,10.9,32.0,5216
2010-10-07,174.0,174.0,174.0,11.1,32.0,5216
2010-10-08,174.0,173.0,174.0,11.3,32.0,5216
2010-10-09,173.0,173.0,173.0,11.4,32.0,5216
2010-10-10,173.0,173.0,173.0,11.2,32.0,5216
2010-10-11,174.0,173.0,174.0,11.7,32.0,5216
2010-10-12,179.0,175.0,183.0,11.1,32.0,5216
2010-10-13,195.0,191.0,199.0,10.7,32.0,5216
2010-10-14,208.0,207.0,209.0,10.5,32.0,5216
2010-10-15,211.0,210.0,212.0,10.4,32.0,5216
2010-10-16,209.0,208.0,210.0,10.2,32.0,5216
2010-10-17,205.0,204.0,206.0,9.1,32.0,5216
2010-10-18,204.0,203.0,204.0,8.9,32.0,5216
2010-10-19,201.0,200.0,202.0,8.6,32.0,5216
2010-10-20,199.0,198.0,200.0,8.5,32.0,5216
2010-10-21,196.0,194.0,198.0,8.2,32.0,5216
2010-10-22,191.0,190.0,192.0,7.9,32.0,5216
2010-10-23,187.0,186.0,188.0,7.7,32.0,5216
2010-10-24,184.0,183.0,184.0,6.9,32.0,5216
2010-10-25,182.0,181.0,182.0,4.0,32.0,5216
2010-10-26,180.0,180.0,180.0,3.6,32.0,5216
2010-10-27,179.0,179.0,179.0,3.4,32.0,5216
2010-10-28,178.0,178.0,178.0,3.6,32.0,5216
2010-10-29,177.0,176.0,177.0,3.6,32.0,5216
2010-10-30,176.0,176.0,176.0,4.1,32.0,5216
2010-10-31,176.0,175.0,177.0,4.1,32.0,5216
2010-11-01,179.0,178.0,179.0,3.2,29.0,5216
2010-11-02,180.0,180.0,180.0,2.8,29.0,5216
2010-11-03,180.0,180.0,180.0,2.4,29.0,5216
2010-11-04,180.0,180.0,180.0,2.3,29.0,5216
2010-11-05,180.0,180.0,180.0,2.3,29.0,5216
2010-11-06,180.0,179.0,180.0,2.4,29.0,5216
2010-11-07,179.0,179.0,179.0,2.2,29.0,5216
2010-11-08,179.0,179.0,179.0,2.3,29.0,5216
2010-11-09,179.0,179.0,179.0,2.1,29.0,5216
2010-11-10,179.0,178.0,179.0,1.8,29.0,5216
2010-11-11,178.0,178.0,178.0,1.5,2.0,5216
2010-11-12,179.0,179.0,179.0,1.3,2.0,5216
2010-11-13,184.0,183.0,185.0,1.1,2.0,5216
2010-11-14,187.0,185.0,188.0,0.1,2.0,5216
2010-11-15,190.0,189.0,191.0,0.1,15.0,5216
2010-11-16,193.0,192.0,193.0,0.1,15.0,5216
2010-11-17,195.0,194.0,196.0,0.1,15.0,5216
2010-11-18,197.0,196.0,198.0,0.1,16.0,5216
2010-11-19,198.0,198.0,198.0,0.1,15.0,5216
2010-11-20,188.0,185.0,190.0,0.2,15.0,5216
2010-11-21,189.0,188.0,190.0,0.3,15.24,5216
2010-11-22,189.0,187.0,190.0,0.2,15.24,5216
2010-11-23,183.0,181.0,184.0,0.0,15.0,5216
2010-11-24,178.0,177.0,178.0,0.0,15.0,5216
2010-11-25,176.0,175.0,176.0,0.0,15.0,5216
2010-11-26,174.0,174.0,174.0,0.0,15.0,5216
2010-11-27,173.0,173.0,173.0,0.0,15.0,5216
2010-11-28,173.0,172.0,173.0,0.0,15.0,5216
2010-11-29,172.0,172.0,172.0,0.0,16.0,5216
2010-11-30,173.0,172.0,174.0,0.0,16.0,5216
2010-12-01,176.0,176.0,176.0,,16.0,5216
2010-12-02,179.0,179.0,179.0,,16.0,5216
2010-12-03,183.0,183.0,183.0,,16.0,5216
2010-12-04,187.0,187.0,187.0,,16.0,5216
2010-12-05,190.0,190.0,190.0,,16.0,5216
2010-12-06,193.0,193.0,193.0,,16.0,5216
2010-12-07,192.0,192.0,192.0,,16.0,5216
2010-12-08,191.0,191.0,191.0,,16.0,5216
2010-12-09,190.0,190.0,190.0,,16.0,5216
2010-12-10,189.0,189.0,189.0,,16.0,5216
2010-12-11,189.0,189.0,189.0,,16.0,5216
2010-12-12,188.0,188.0,188.0,,16.0,5216
2010-12-13,188.0,188.0,188.0,,16.0,5216
2010-12-14,189.0,189.0,189.0,,16.0,5216
2010-12-15,190.0,190.0,190.0,,16.0,5216
2010-12-16,188.0,188.0,188.0,,16.0,5216
2010-12-17,188.0,188.0,188.0,,16.0,5216
2010-12-18,187.0,187.0,187.0,,16.0,5216
2010-12-19,187.0,187.0,187.0,,16.0,5216
2010-12-20,186.0,186.0,186.0,,16.0,5216
2010-12-21,186.0,186.0,186.0,,16.0,5216
2010-12-22,185.0,185.0,185.0,,16.0,5216
2010-12-23,185.0,185.0,185.0,,16.0,5216
2010-12-24,184.0,184.0,184.0,,16.0,5216
2010-12-25,184.0,184.0,184.0,,16.0,5216
2010-12-26,184.0,184.0,184.0,,16.0,5216
2010-12-27,183.0,183.0,183.0,,16.0,5216
2010-12-28,183.0,183.0,183.0,,16.0,5216
2010-12-29,182.0,182.0,182.0,,16.0,5216
2010-12-30,182.0,182.0,182.0,,16.0,5216
2010-12-31,182.0,182.0,182.0,,16.0,5216
2011-01-01,182.0,182.0,182.0,,16.0,5216
2011-01-02,182.0,182.0,182.0,,16.0,5216
2011-01-03,182.0,182.0,182.0,,16.0,5216
2011-01-04,182.0,182.0,182.0,,16.0,5216
2011-01-05,182.0,182.0,182.0,,16.0,5216
2011-01-06,181.0,181.0,181.0,,16.0,5216
2011-01-07,181.0,181.0,181.0,,16.0,5216
2011-01-08,181.0,181.0,181.0,,16.0,5216
2011-01-09,181.0,181.0,181.0,,16.0,5216
2011-01-10,181.0,181.0,181.0,,16.0,5216
2011-01-11,181.0,181.0,181.0,,16.0,5216
2011-01-12,181.0,181.0,181.0,,16.0,5216
2011-01-13,180.0,180.0,180.0,,16.0,5216
2011-01-14,180.0,180.0,180.0,,16.0,5216
2011-01-15,180.0,180.0,180.0,,16.0,5216
2011-01-16,180.0,180.0,180.0,,16.0,5216
2011-01-17,180.0,180.0,180.0,,16.0,5216
2011-01-18,180.0,180.0,180.0,,16.0,5216
2011-01-19,179.0,179.0,179.0,,16.0,5216
2011-01-20,179.0,179.0,179.0,,16.0,5216
2011-01-21,178.0,178.0,178.0,,16.0,5216
2011-01-22,178.0,178.0,178.0,,16.0,5216
2011-01-23,177.0,177.0,177.0,,16.0,5216
2011-01-24,177.0,177.0,177.0,,16.0,5216
2011-01-25,176.0,176.0,176.0,,16.0,5216
2011-01-26,176.0,176.0,176.0,,16.0,5216
2011-01-27,174.0,174.0,174.0,,16.0,5216
2011-01-28,172.0,172.0,172.0,,16.0,5216
2011-01-29,170.0,170.0,170.0,,16.0,5216
2011-01-30,169.0,169.0,169.0,,16.0,5216
2011-01-31,168.0,168.0,168.0,,16.0,5216
2011-02-01,168.0,168.0,168.0,,16.0,5216
2011-02-02,168.0,168.0,168.0,,16.0,5216
2011-02-03,168.0,168.0,168.0,,16.0,5216
2011-02-04,168.0,168.0,168.0,,16.0,5216
2011-02-05,168.0,168.0,168.0,,16.0,5216
2011-02-06,168.0,168.0,168.0,,16.0,5216
2011-02-07,168.0,168.0,168.0,,16.0,5216
2011-02-08,168.0,168.0,168.0,,16.0,5216
2011-02-09,168.0,168.0,168.0,,16.0,5216
2011-02-10,168.0,168.0,168.0,,16.0,5216
2011-02-11,168.0,168.0,168.0,,16.0,5216
2011-02-12,168.0,168.0,168.0,,16.0,5216
2011-02-13,168.0,168.0,168.0,,16.0,5216
2011-02-14,168.0,168.0,168.0,,16.0,5216
2011-02-15,168.0,168.0,168.0,,16.0,5216
2011-02-16,168.0,168.0,168.0,,16.0,5216
2011-02-17,168.0,168.0,168.0,,16.0,5216
2011-02-18,168.0,168.0,168.0,,16.0,5216
2011-02-19,168.0,168.0,168.0,,16.0,5216
2011-02-20,167.0,167.0,167.0,,16.0,5216
2011-02-21,167.0,167.0,167.0,,16.0,5216
2011-02-22,167.0,167.0,167.0,,16.0,5216
2011-02-23,167.0,167.0,167.0,,16.0,5216
2011-02-24,167.0,167.0,167.0,,16.0,5216
2011-02-25,167.0,167.0,167.0,,16.0,5216
2011-02-26,167.0,167.0,167.0,,16.0,5216
2011-02-27,167.0,167.0,167.0,,16.0,5216
2011-02-28,167.0,167.0,167.0,,16.0,5216
2011-03-01,166.0,166.0,166.0,0.0,16.0,5216
2011-03-02,166.0,166.0,166.0,0.0,16.0,5216
2011-03-03,165.0,165.0,165.0,0.0,16.0,5216
2011-03-04,165.0,165.0,165.0,0.0,16.0,5216
2011-03-05,165.0,165.0,165.0,0.0,16.0,5216
2011-03-06,165.0,164.0,165.0,0.0,16.0,5216
2011-03-07,164.0,164.0,164.0,0.0,16.0,5216
2011-03-08,164.0,164.0,164.0,0.0,16.0,5216
2011-03-09,165.0,164.0,165.0,0.0,16.0,5216
2011-03-10,166.0,165.0,166.0,0.0,16.0,5216
2011-03-11,167.0,166.0,167.0,0.0,16.0,5216
2011-03-12,168.0,167.0,168.0,0.0,16.0,5216
2011-03-13,169.0,168.0,170.0,0.0,16.0,5216
2011-03-14,172.0,172.0,172.0,0.0,16.0,5216
2011-03-15,172.0,172.0,172.0,0.0,16.0,5216
2011-03-16,172.0,172.0,172.0,0.0,16.0,5216
2011-03-17,173.0,172.0,173.0,0.0,16.0,5216
2011-03-18,174.0,173.0,175.0,0.0,16.0,5216
2011-03-19,177.0,176.0,178.0,0.0,16.0,5216
2011-03-20,181.0,180.0,181.0,0.0,16.47,5216
2011-03-21,183.0,182.0,183.0,0.0,16.47,5216
2011-03-22,183.0,183.0,183.0,0.0,16.47,5216
2011-03-23,184.0,183.0,184.0,0.0,16.47,5216
2011-03-24,185.0,184.0,185.0,0.1,16.47,5216
2011-03-25,188.0,185.0,190.0,0.2,16.47,5216
2011-03-26,197.0,195.0,198.0,0.3,24.16,5216
2011-03-27,210.0,200.0,220.0,0.1,16.0,5216
2011-03-28,250.0,240.0,260.0,1.1,25.16,5216
2011-03-29,266.0,265.0,267.0,1.3,25.16,5216
2011-03-30,267.0,267.0,267.0,1.4,25.16,5216
2011-03-31,271.0,267.0,274.0,1.5,25.0,5216
2011-04-01,280.0,279.0,281.0,1.5,16.0,5216
2011-04-02,281.0,280.0,281.0,1.2,16.0,5216
2011-04-03,280.0,279.0,281.0,1.4,16.0,5216
2011-04-04,278.0,277.0,279.0,2.9,29.0,5216
2011-04-05,272.0,270.0,274.0,3.2,29.0,5216
2011-04-06,265.0,264.0,266.0,3.4,29.0,5216
2011-04-07,261.0,260.0,262.0,3.6,29.0,5216
2011-04-08,255.0,253.0,256.0,3.9,29.0,5216
2011-04-09,249.0,248.0,250.0,4.3,29.0,5216
2011-04-10,243.0,240.0,246.0,5.1,29.0,5216
2011-04-11,232.0,229.0,234.0,5.8,29.0,5216
2011-04-12,220.0,217.0,222.0,6.0,29.0,5216
2011-04-13,211.0,210.0,212.0,6.3,29.0,5216
2011-04-14,207.0,206.0,208.0,6.5,29.0,5216
2011-04-15,204.0,203.0,204.0,6.8,29.0,5216
2011-04-16,202.0,201.0,202.0,7.0,29.0,5216
2011-04-17,200.0,200.0,200.0,7.2,29.0,5216
2011-04-18,199.0,198.0,199.0,7.2,29.0,5216
2011-04-19,197.0,196.0,197.0,7.3,29.0,5216
2011-04-20,196.0,195.0,196.0,7.5,29.0,5216
2011-04-21,195.0,195.0,195.0,7.1,29.0,5216
2011-04-22,195.0,195.0,195.0,5.5,29.0,5216
2011-04-23,198.0,197.0,198.0,5.3,29.0,5216
2011-04-24,200.0,199.0,200.0,5.4,29.0,5216
2011-04-25,205.0,202.0,208.0,6.5,29.0,5216
2011-04-26,217.0,214.0,219.0,6.9,29.0,5216
2011-04-27,253.0,244.0,262.0,6.6,29.0,5216
2011-04-28,295.0,280.0,309.0,6.3,29.0,5216
2011-04-29,332.0,330.0,333.0,8.5,29.0,5216
2011-04-30,327.0,326.0,328.0,9.2,29.0,5216
2011-05-01,321.0,317.0,324.0,8.5,29.0,5216
2011-05-02,307.0,303.0,310.0,9.6,29.0,5216
2011-05-03,291.0,287.0,295.0,9.6,29.0,5216
2011-05-04,277.0,274.0,280.0,9.5,29.0,5216
2011-05-05,266.0,263.0,269.0,10.4,29.0,5216
2011-05-06,257.0,255.0,259.0,10.8,29.0,5216
2011-05-07,254.0,251.0,256.0,11.0,29.0,5216
2011-05-08,261.0,261.0,261.0,11.2,29.0,5216
2011-05-09,261.0,260.0,262.0,11.1,29.0,5216
2011-05-10,266.0,264.0,268.0,11.5,29.0,5216
2011-05-11,275.0,273.0,277.0,13.3,29.0,5216
2011-05-12,287.0,285.0,288.0,13.5,29.0,5216
2011-05-13,301.0,299.0,302.0,13.3,29.0,5216
2011-05-14,305.0,304.0,306.0,13.1,29.0,5216
2011-05-15,314.0,310.0,318.0,12.1,29.0,5216
2011-05-16,335.0,329.0,341.0,9.8,29.0,5216
2011-05-17,353.0,351.0,355.0,10.3,29.0,5216
2011-05-18,362.0,361.0,363.0,10.9,29.0,5216
2011-05-19,358.0,355.0,361.0,11.5,29.0,5216
2011-05-20,351.0,349.0,352.0,13.2,29.0,5216
2011-05-21,341.0,337.0,345.0,13.9,29.0,5216
2011-05-22,326.0,322.0,329.0,15.2,29.0,5216
2011-05-23,314.0,313.0,314.0,15.7,29.0,5216
2011-05-24,306.0,304.0,308.0,15.4,29.0,5216
2011-05-25,298.0,296.0,300.0,15.5,29.0,5216
2011-05-26,290.0,288.0,292.0,15.6,29.0,5216
2011-05-27,283.0,281.0,284.0,15.7,29.0,5216
2011-05-28,277.0,275.0,278.0,15.8,29.0,5216
2011-05-29,270.0,268.0,272.0,16.0,29.0,5216
2011-05-30,264.0,261.0,266.0,16.1,29.0,5216
2011-05-31,258.0,257.0,258.0,15.7,29.0,5216
2011-06-01,255.0,254.0,255.0,15.6,31.0,5216
2011-06-02,251.0,248.0,253.0,15.9,31.0,5216
2011-06-03,241.0,240.0,242.0,16.1,31.0,5216
2011-06-04,236.0,233.0,238.0,16.2,31.0,5216
2011-06-05,228.0,226.0,229.0,16.4,31.0,5216
2011-06-06,224.0,223.0,224.0,16.4,31.0,5216
2011-06-07,222.0,222.0,222.0,16.5,31.0,5216
2011-06-08,222.0,222.0,222.0,16.5,31.0,5216
2011-06-09,225.0,224.0,225.0,16.5,31.0,5216
2011-06-10,229.0,226.0,231.0,16.5,31.0,5216
2011-06-11,243.0,240.0,246.0,16.7,31.0,5216
2011-06-12,249.0,244.0,253.0,16.4,31.0,5216
2011-06-13,264.0,262.0,266.0,16.5,31.0,5216
2011-06-14,277.0,269.0,284.0,16.9,31.0,5216
2011-06-15,306.0,296.0,316.0,18.5,31.0,5216
2011-06-16,341.0,328.0,350.0,18.9,31.0,5216
2011-06-17,358.0,356.0,360.0,19.1,31.0,5216
2011-06-18,355.0,353.0,356.0,21.0,31.0,5216
2011-06-19,339.0,334.0,344.0,22.6,31.0,5216
2011-06-20,321.0,317.0,325.0,22.6,31.0,5216
2011-06-21,305.0,302.0,308.0,22.6,31.0,5216
2011-06-22,295.0,293.0,297.0,22.7,31.0,5216
2011-06-23,291.0,291.0,291.0,22.0,31.0,5216
2011-06-24,287.0,284.0,289.0,22.2,31.0,5216
2011-06-25,277.0,274.0,279.0,22.4,31.0,5216
2011-06-26,267.0,265.0,269.0,22.6,31.0,5216
2011-06-27,263.0,261.0,265.0,22.0,31.0,5216
2011-06-28,272.0,269.0,274.0,22.0,31.0,5216
2011-06-29,281.0,279.0,282.0,22.1,31.0,5216
2011-06-30,283.0,282.0,284.0,22.2,31.0,5216
2011-07-01,278.0,276.0,279.0,23.6,31.0,5216
2011-07-02,273.0,273.0,273.0,23.2,31.0,5216
2011-07-03,271.0,267.0,274.0,23.0,31.0,5216
2011-07-04,257.0,254.0,259.0,22.8,31.0,5216
2011-07-05,249.0,248.0,249.0,23.2,31.0,5216
2011-07-06,247.0,246.0,247.0,23.4,31.0,5216
2011-07-07,243.0,240.0,245.0,23.4,31.0,5216
2011-07-08,232.0,229.0,234.0,23.0,31.0,5216
2011-07-09,226.0,224.0,227.0,23.1,31.0,5216
2011-07-10,229.0,221.0,236.0,23.2,31.0,5216
2011-07-11,257.0,254.0,259.0,23.2,31.0,5216
2011-07-12,263.0,262.0,264.0,22.8,31.0,5216
2011-07-13,258.0,256.0,259.0,22.9,31.0,5216
2011-07-14,252.0,251.0,253.0,23.0,31.0,5216
2011-07-15,248.0,247.0,249.0,22.9,31.0,5216
2011-07-16,244.0,244.0,244.0,22.5,31.0,5216
2011-07-17,241.0,239.0,242.0,22.6,31.0,5216
2011-07-18,235.0,233.0,236.0,22.8,31.0,5216
2011-07-19,230.0,229.0,230.0,22.9,31.0,5216
2011-07-20,227.0,226.0,228.0,23.0,31.0,5216
2011-07-21,225.0,224.0,225.0,22.7,31.0,5216
2011-07-22,222.0,221.0,222.0,22.8,31.0,5216
2011-07-23,220.0,220.0,220.0,22.6,31.0,5216
2011-07-24,218.0,218.0,218.0,23.0,31.0,5216
2011-07-25,217.0,216.0,218.0,23.1,31.0,5216
2011-07-26,214.0,213.0,214.0,23.0,31.0,5216
2011-07-27,212.0,212.0,212.0,22.7,31.0,5216
2011-07-28,209.0,208.0,210.0,22.7,31.0,5216
2011-07-29,205.0,204.0,206.0,23.0,31.0,5216
2011-07-30,202.0,201.0,202.0,23.1,31.0,5216
2011-07-31,200.0,199.0,200.0,23.1,31.0,5216
2011-08-01,197.0,197.0,197.0,22.3,31.0,5216
2011-08-02,197.0,197.0,197.0,22.0,31.0,5216
2011-08-03,196.0,196.0,196.0,21.9,31.0,5216
2011-08-04,196.0,195.0,196.0,21.7,31.0,5216
2011-08-05,195.0,195.0,195.0,21.8,31.0,5216
2011-08-06,194.0,193.0,194.0,21.9,31.0,5216
2011-08-07,192.0,190.0,193.0,22.0,31.0,5216
2011-08-08,187.0,186.0,187.0,22.1,31.0,5216
2011-08-09,186.0,185.0,186.0,22.0,31.0,5216
2011-08-10,181.0,180.0,182.0,21.7,31.0,5216
2011-08-11,178.0,177.0,178.0,22.1,31.0,5216
2011-08-12,176.0,175.0,176.0,22.4,31.0,5216
2011-08-13,174.0,174.0,174.0,22.5,31.0,5216
2011-08-14,174.0,174.0,174.0,22.6,31.0,5216
2011-08-15,175.0,175.0,175.0,22.1,31.0,5216
2011-08-16,175.0,174.0,175.0,22.4,31.0,5216
2011-08-17,174.0,174.0,174.0,22.9,31.0,5216
2011-08-18,174.0,174.0,174.0,23.2,31.0,5216
2011-08-19,174.0,173.0,174.0,22.8,31.0,5216
2011-08-20,173.0,173.0,173.0,22.9,31.0,5216
2011-08-21,173.0,173.0,173.0,22.6,31.0,5216
2011-08-22,173.0,172.0,173.0,22.3,31.0,5216
2011-08-23,172.0,172.0,172.0,22.1,31.0,5216
2011-08-24,172.0,171.0,172.0,21.9,31.0,5216
2011-08-25,171.0,171.0,171.0,22.0,31.0,5216
2011-08-26,171.0,171.0,171.0,21.8,31.0,5216
2011-08-27,171.0,171.0,171.0,21.6,31.0,5216
2011-08-28,171.0,170.0,171.0,21.5,31.0,5216
2011-08-29,170.0,170.0,170.0,21.3,31.0,5216
2011-08-30,170.0,170.0,170.0,20.6,31.0,5216
2011-08-31,172.0,172.0,172.0,20.1,31.0,5216
2011-09-01,172.0,172.0,172.0,19.7,32.0,5216
2011-09-02,172.0,172.0,172.0,18.8,32.0,5216
2011-09-03,172.0,172.0,172.0,18.4,32.0,5216
2011-09-04,172.0,172.0,172.0,18.0,32.0,5216
2011-09-05,171.0,171.0,171.0,18.0,32.0,5216
2011-09-06,175.0,172.0,178.0,17.7,32.0,5216
2011-09-07,180.0,180.0,180.0,16.8,32.0,5216
2011-09-08,182.0,181.0,183.0,16.8,32.0,5216
2011-09-09,183.0,183.0,183.0,16.7,32.0,5216
2011-09-10,183.0,183.0,183.0,16.6,32.0,5216
2011-09-11,183.0,183.0,183.0,16.4,32.0,5216
2011-09-12,182.0,181.0,182.0,16.4,32.0,5216
2011-09-13,187.0,181.0,193.0,16.4,32.0,5216
2011-09-14,206.0,203.0,208.0,16.5,32.0,5216
2011-09-15,222.0,219.0,224.0,16.3,32.0,5216
2011-09-16,225.0,224.0,226.0,15.9,32.0,5216
2011-09-17,223.0,220.0,226.0,15.6,32.0,5216
2011-09-18,212.0,209.0,214.0,15.2,32.0,5216
2011-09-19,198.0,190.0,206.0,14.3,32.0,5216
2011-09-20,185.0,183.0,186.0,14.3,32.0,5216
2011-09-21,180.0,179.0,181.0,14.1,32.0,5216
2011-09-22,177.0,177.0,177.0,13.9,32.0,5216
2011-09-23,176.0,176.0,176.0,13.7,32.0,5216
2011-09-24,176.0,175.0,176.0,13.6,32.0,5216
2011-09-25,175.0,175.0,175.0,13.5,32.0,5216
2011-09-26,175.0,175.0,175.0,13.3,32.0,5216
2011-09-27,175.0,175.0,175.0,13.2,32.0,5216
2011-09-28,175.0,174.0,175.0,13.3,32.0,5216
2011-09-29,174.0,173.0,174.0,13.0,32.0,5216
2011-09-30,173.0,173.0,173.0,12.9,32.0,5216
2011-10-01,173.0,172.0,173.0,12.1,29.0,5216
2011-10-02,172.0,172.0,172.0,11.9,29.0,5216
2011-10-03,171.0,171.0,171.0,11.2,29.0,5216
2011-10-04,171.0,171.0,171.0,11.3,29.0,5216
2011-10-05,170.0,168.0,171.0,11.6,29.0,5216
2011-10-06,167.0,165.0,169.0,11.7,29.0,5216
2011-10-07,168.0,168.0,168.0,11.3,29.0,5216
2011-10-08,168.0,168.0,168.0,10.4,29.0,5216
2011-10-09,168.0,167.0,168.0,10.9,29.0,5216
2011-10-10,167.0,166.0,167.0,11.0,29.0,5216
2011-10-11,166.0,166.0,166.0,10.6,29.0,5216
2011-10-12,166.0,166.0,166.0,10.5,29.0,5216
2011-10-13,166.0,166.0,166.0,10.5,29.0,5216
2011-10-14,161.0,161.0,161.0,10.5,29.0,5216
2011-10-15,162.0,162.0,162.0,10.4,29.0,5216
2011-10-16,163.0,162.0,163.0,10.3,29.0,5216
2011-10-17,163.0,163.0,163.0,10.2,29.0,5216
2011-10-18,164.0,164.0,164.0,9.5,29.0,5216
2011-10-19,164.0,164.0,164.0,9.4,29.0,5216
2011-10-20,164.0,164.0,164.0,9.4,29.0,5216
2011-10-21,164.0,164.0,164.0,9.5,29.0,5216
2011-10-22,164.0,164.0,164.0,9.8,29.0,5216
2011-10-23,164.0,164.0,164.0,9.6,29.0,5216
2011-10-24,165.0,165.0,165.0,9.0,29.0,5216
2011-10-25,165.0,165.0,165.0,9.0,29.0,5216
2011-10-26,165.0,165.0,165.0,8.7,29.0,5216
2011-10-27,165.0,165.0,165.0,8.4,29.0,5216
2011-10-28,165.0,165.0,165.0,8.3,29.0,5216
2011-10-29,165.0,165.0,165.0,8.3,29.0,5216
2011-10-30,165.0,165.0,165.0,8.1,29.0,5216
2011-10-31,165.0,165.0,165.0,8.3,29.0,5216
2011-11-01,165.0,165.0,165.0,8.3,29.0,5216
2011-11-02,165.0,165.0,165.0,8.4,29.0,5216
2011-11-03,165.0,165.0,165.0,7.9,29.0,5216
2011-11-04,165.0,165.0,165.0,7.5,29.0,5216
2011-11-05,165.0,164.0,165.0,7.5,29.0,5216
2011-11-06,164.0,164.0,164.0,7.3,29.0,5216
2011-11-07,164.0,164.0,164.0,5.9,29.0,5216
2011-11-08,164.0,164.0,164.0,5.8,29.0,5216
2011-11-09,165.0,164.0,165.0,5.3,29.0,5216
2011-11-10,165.0,165.0,165.0,4.8,29.0,5216
2011-11-11,165.0,165.0,165.0,4.6,29.0,5216
2011-11-12,165.0,165.0,165.0,4.3,29.0,5216
2011-11-13,165.0,165.0,165.0,3.6,29.0,5216
2011-11-14,165.0,165.0,165.0,2.3,2.0,5216
2011-11-15,164.0,164.0,164.0,1.9,2.0,5216
2011-11-16,164.0,163.0,164.0,1.5,2.0,5216
2011-11-17,163.0,163.0,163.0,0.2,15.0,5216
2011-11-18,163.0,163.0,163.0,0.3,15.0,5216
2011-11-19,163.0,163.0,163.0,0.2,15.0,5216
2011-11-20,163.0,162.0,163.0,0.0,15.0,5216
2011-11-21,161.0,161.0,161.0,0.0,16.0,5216
2011-11-22,162.0,161.0,163.0,0.0,16.0,5216
2011-11-23,166.0,165.0,166.0,0.0,16.0,5216
2011-11-24,166.0,166.0,166.0,0.0,16.0,5216
2011-11-25,166.0,166.0,166.0,0.0,16.0,5216
2011-11-26,166.0,166.0,166.0,0.0,16.0,5216
2011-11-27,166.0,166.0,166.0,0.0,16.0,5216
2011-11-28,168.0,167.0,168.0,0.0,16.0,5216
2011-11-29,168.0,168.0,168.0,0.0,16.0,5216
2011-11-30,168.0,168.0,168.0,0.0,16.0,5216
2011-12-01,168.0,168.0,168.0,,16.0,5216
2011-12-02,168.0,168.0,168.0,,16.0,5216
2011-12-03,168.0,168.0,168.0,,16.0,5216
2011-12-04,169.0,169.0,169.0,,16.0,5216
2011-12-05,169.0,169.0,169.0,,16.0,5216
2011-12-06,169.0,169.0,169.0,,16.0,5216
2011-12-07,169.0,169.0,169.0,,16.0,5216
2011-12-08,169.0,169.0,169.0,,16.0,5216
2011-12-09,169.0,169.0,169.0,,16.0,5216
2011-12-10,169.0,169.0,169.0,,16.0,5216
2011-12-11,169.0,169.0,169.0,,16.0,5216
2011-12-12,169.0,169.0,169.0,,16.0,5216
2011-12-13,169.0,169.0,169.0,,16.0,5216
2011-12-14,169.0,169.0,169.0,,16.0,5216
2011-12-15,169.0,169.0,169.0,,16.0,5216
2011-12-16,169.0,169.0,169.0,,16.0,5216
2011-12-17,169.0,169.0,169.0,,16.0,5216
2011-12-18,169.0,169.0,169.0,,16.0,5216
2011-12-19,169.0,169.0,169.0,,16.0,5216
2011-12-20,169.0,169.0,169.0,,16.0,5216
2011-12-21,168.0,168.0,168.0,,16.0,5216
2011-12-22,167.0,167.0,167.0,,16.0,5216
2011-12-23,166.0,166.0,166.0,,16.0,5216
2011-12-24,165.0,165.0,165.0,,16.0,5216
2011-12-25,164.0,164.0,164.0,,16.0,5216
2011-12-26,163.0,163.0,163.0,,16.0,5216
2011-12-27,162.0,162.0,162.0,,16.0,5216
2011-12-28,161.0,161.0,161.0,,16.0,5216
2011-12-29,160.0,160.0,160.0,,16.0,5216
2011-12-30,158.0,158.0,158.0,,16.0,5216
2011-12-31,156.0,156.0,156.0,,16.0,5216
2012-01-01,155.0,155.0,155.0,,16.0,5216
2012-01-02,154.0,154.0,154.0,,16.0,5216
2012-01-03,153.0,153.0,153.0,,16.0,5216
2012-01-04,151.0,151.0,151.0,,16.0,5216
2012-01-05,150.0,150.0,150.0,,16.0,5216
2012-01-06,148.0,148.0,148.0,,16.33,5216
2012-01-07,146.0,146.0,146.0,,16.33,5216
2012-01-08,144.0,144.0,144.0,,16.33,5216
2012-01-09,143.0,143.0,143.0,,16.33,5216
2012-01-10,143.0,143.0,143.0,,16.33,5216
2012-01-11,142.0,142.0,142.0,,16.33,5216
2012-01-12,142.0,142.0,142.0,,16.33,5216
2012-01-13,141.0,141.0,141.0,,16.33,5216
2012-01-14,141.0,141.0,141.0,,16.33,5216
2012-01-15,140.0,140.0,140.0,,16.33,5216
2012-01-16,140.0,140.0,140.0,,16.33,5216
2012-01-17,139.0,139.0,139.0,,16.33,5216
2012-01-18,138.0,138.0,138.0,,16.33,5216
2012-01-19,137.0,137.0,137.0,,16.33,5216
2012-01-20,136.0,136.0,136.0,,16.33,5216
2012-01-21,135.0,135.0,135.0,,16.33,5216
2012-01-22,134.0,134.0,134.0,,16.33,5216
2012-01-23,133.0,133.0,133.0,,16.33,5216
2012-01-24,132.0,132.0,132.0,,16.33,5216
2012-01-25,131.0,131.0,131.0,,16.33,5216
2012-01-26,130.0,130.0,130.0,,16.33,5216
2012-01-27,129.0,129.0,129.0,,16.33,5216
2012-01-28,128.0,128.0,128.0,,16.33,5216
2012-01-29,127.0,127.0,127.0,,16.33,5216
2012-01-30,126.0,126.0,126.0,,16.33,5216
2012-01-31,125.0,125.0,125.0,,16.33,5216
2012-02-01,124.0,124.0,124.0,,16.33,5216
2012-02-02,123.0,123.0,123.0,,16.33,5216
2012-02-03,122.0,122.0,122.0,,16.33,5216
2012-02-04,121.0,121.0,121.0,,16.33,5216
2012-02-05,120.0,120.0,120.0,,16.33,5216
2012-02-06,120.0,120.0,120.0,,16.33,5216
2012-02-07,119.0,119.0,119.0,,16.33,5216
2012-02-08,118.0,118.0,118.0,,16.33,5216
2012-02-09,117.0,117.0,117.0,,16.33,5216
2012-02-10,117.0,117.0,117.0,,16.33,5216
2012-02-11,116.0,116.0,116.0,,16.33,5216
2012-02-12,116.0,116.0,116.0,,16.33,5216
2012-02-13,115.0,115.0,115.0,,16.33,5216
2012-02-14,115.0,115.0,115.0,,16.33,5216
2012-02-15,114.0,114.0,114.0,,16.33,5216
2012-02-16,114.0,114.0,114.0,,16.33,5216
2012-02-17,113.0,113.0,113.0,,16.33,5216
2012-02-18,113.0,113.0,113.0,,16.33,5216
2012-02-19,112.0,112.0,112.0,,16.33,5216
2012-02-20,112.0,112.0,112.0,,16.33,5216
2012-02-21,111.0,111.0,111.0,,16.33,5216
2012-02-22,111.0,111.0,111.0,,16.33,5216
2012-02-23,110.0,110.0,110.0,,16.33,5216
2012-02-24,109.0,109.0,109.0,,16.33,5216
2012-02-25,108.0,108.0,108.0,,16.33,5216
2012-02-26,107.0,107.0,107.0,,16.33,5216
2012-02-27,105.0,105.0,105.0,,16.33,5216
2012-02-28,104.0,104.0,104.0,,16.33,5216
2012-02-29,103.0,103.0,103.0,,16.33,5216
2012-03-01,103.0,103.0,103.0,0.0,16.33,5216
2012-03-02,103.0,103.0,103.0,0.0,16.33,5216
2012-03-03,103.0,103.0,103.0,0.0,16.33,5216
2012-03-04,103.0,102.0,103.0,0.0,16.33,5216
2012-03-05,102.0,102.0,102.0,0.0,16.33,5216
2012-03-06,102.0,102.0,102.0,0.0,16.33,5216
2012-03-07,103.0,102.0,103.0,0.0,16.33,5216
2012-03-08,103.0,103.0,103.0,0.0,16.33,5216
2012-03-09,103.0,103.0,103.0,0.0,16.33,5216
2012-03-10,103.0,103.0,103.0,0.0,16.33,5216
2012-03-11,102.0,101.0,103.0,0.0,16.33,5216
2012-03-12,98.0,96.0,100.0,0.0,16.33,5216
2012-03-13,96.0,95.0,96.0,0.0,16.33,5216
2012-03-14,97.0,96.0,97.0,0.0,16.33,5216
2012-03-15,98.0,97.0,99.0,0.0,16.33,5216
2012-03-16,101.0,100.0,102.0,0.0,16.33,5216
2012-03-17,105.0,104.0,105.0,0.0,16.33,5216
2012-03-18,105.0,105.0,105.0,0.0,16.33,5216
2012-03-19,105.0,105.0,105.0,0.0,16.33,5216
2012-03-20,105.0,105.0,105.0,0.0,16.33,5216
2012-03-21,106.0,105.0,107.0,0.0,16.33,5216
2012-03-22,108.0,107.0,109.0,0.0,47.33,5216
2012-03-23,110.0,109.0,110.0,0.0,47.33,5216
2012-03-24,112.0,111.0,113.0,0.0,47.33,5216
2012-03-25,115.0,115.0,115.0,0.0,47.33,5216
2012-03-26,118.0,115.0,120.0,0.0,16.33,5216
2012-03-27,128.0,125.0,130.0,0.0,47.33,5216
2012-03-28,138.0,135.0,140.0,0.0,47.33,5216
2012-03-29,143.0,142.0,144.0,0.0,47.33,5216
2012-03-30,147.0,146.0,148.0,0.2,47.33,5216
2012-03-31,151.0,150.0,152.0,0.2,47.33,5216
2012-04-01,152.0,152.0,152.0,0.1,47.33,5216
2012-04-02,155.0,152.0,157.0,0.1,47.33,5216
2012-04-03,163.0,162.0,164.0,0.1,47.33,5216
2012-04-04,165.0,164.0,166.0,0.1,47.33,5216
2012-04-05,167.0,166.0,168.0,0.1,15.33,5216
2012-04-06,169.0,168.0,170.0,0.1,15.33,5216
2012-04-07,182.0,170.0,194.0,0.1,,5216
2012-04-08,192.0,192.0,192.0,0.3,16.0,5216
2012-04-09,192.0,192.0,192.0,0.3,16.0,5216
2012-04-10,191.0,190.0,192.0,0.4,25.16,5216
2012-04-11,191.0,190.0,192.0,0.8,25.16,5216
2012-04-12,189.0,188.0,190.0,0.9,25.16,5216
2012-04-13,187.0,187.0,187.0,1.1,25.0,5216
2012-04-14,187.0,186.0,187.0,1.3,25.0,5216
2012-04-15,188.0,186.0,190.0,1.6,25.0,5216
2012-04-16,200.0,199.0,200.0,2.1,16.0,5216
2012-04-17,200.0,200.0,200.0,3.1,29.0,5216
2012-04-18,200.0,199.0,200.0,5.0,29.0,5216
2012-04-19,197.0,195.0,198.0,7.0,29.0,5216
2012-04-20,193.0,192.0,193.0,7.7,29.0,5216
2012-04-21,189.0,188.0,190.0,7.6,29.0,5216
2012-04-22,186.0,186.0,186.0,7.8,29.0,5216
2012-04-23,187.0,186.0,187.0,7.9,29.0,5216
2012-04-24,189.0,189.0,189.0,7.9,29.0,5216
2012-04-25,189.0,189.0,189.0,8.0,29.0,5216
2012-04-26,191.0,190.0,192.0,8.0,29.0,5216
2012-04-27,194.0,193.0,195.0,7.9,29.0,5216
2012-04-28,197.0,197.0,197.0,7.9,29.0,5216
2012-04-29,197.0,196.0,197.0,8.1,29.0,5216
2012-04-30,195.0,195.0,195.0,8.2,29.0,5216
2012-05-01,198.0,195.0,200.0,9.1,29.0,5216
2012-05-02,203.0,202.0,204.0,10.4,29.0,5216
2012-05-03,204.0,203.0,204.0,10.2,29.0,5216
2012-05-04,203.0,202.0,203.0,10.4,29.0,5216
2012-05-05,202.0,201.0,202.0,10.6,29.0,5216
2012-05-06,199.0,198.0,199.0,10.5,29.0,5216
2012-05-07,196.0,195.0,197.0,10.7,29.0,5216
2012-05-08,194.0,193.0,194.0,11.0,29.0,5216
2012-05-09,191.0,190.0,192.0,11.3,29.0,5216
2012-05-10,189.0,189.0,189.0,11.9,29.0,5216
2012-05-11,186.0,184.0,187.0,13.1,29.0,5216
2012-05-12,183.0,183.0,183.0,13.4,29.0,5216
2012-05-13,183.0,182.0,183.0,11.8,29.0,5216
2012-05-14,182.0,182.0,182.0,11.9,29.0,5216
2012-05-15,182.0,182.0,182.0,12.0,29.0,5216
2012-05-16,184.0,182.0,185.0,11.8,29.0,5216
2012-05-17,191.0,190.0,192.0,12.0,29.0,5216
2012-05-18,194.0,193.0,194.0,12.2,29.0,5216
2012-05-19,193.0,193.0,193.0,12.5,29.0,5216
2012-05-20,193.0,192.0,193.0,13.0,29.0,5216
2012-05-21,193.0,192.0,194.0,13.4,29.0,5216
2012-05-22,197.0,196.0,197.0,13.7,29.0,5216
2012-05-23,197.0,197.0,197.0,13.9,29.0,5216
2012-05-24,195.0,195.0,195.0,13.9,29.0,5216
2012-05-25,195.0,194.0,195.0,14.2,29.0,5216
2012-05-26,194.0,193.0,194.0,14.4,29.0,5216
2012-05-27,191.0,190.0,192.0,15.0,29.0,5216
2012-05-28,187.0,187.0,187.0,15.2,29.0,5216
2012-05-29,187.0,187.0,187.0,15.6,29.0,5216
2012-05-30,186.0,185.0,187.0,15.8,29.0,5216
2012-05-31,185.0,184.0,185.0,16.7,29.0,5216
2012-06-01,184.0,184.0,184.0,17.6,31.0,5216
2012-06-02,184.0,184.0,184.0,17.8,31.0,5216
2012-06-03,183.0,183.0,183.0,17.9,31.0,5216
2012-06-04,183.0,183.0,183.0,17.9,31.0,5216
2012-06-05,182.0,182.0,182.0,17.9,31.0,5216
2012-06-06,182.0,181.0,183.0,18.1,31.0,5216
2012-06-07,185.0,185.0,185.0,18.5,31.0,5216
2012-06-08,185.0,185.0,185.0,18.8,31.0,5216
2012-06-09,187.0,187.0,187.0,18.7,31.0,5216
2012-06-10,187.0,187.0,187.0,18.9,31.0,5216
2012-06-11,188.0,187.0,188.0,19.0,31.0,5216
2012-06-12,190.0,189.0,190.0,19.2,31.0,5216
2012-06-13,190.0,190.0,190.0,19.4,31.0,5216
2012-06-14,192.0,191.0,192.0,19.5,31.0,5216
2012-06-15,192.0,192.0,192.0,19.7,31.0,5216
2012-06-16,193.0,193.0,193.0,19.9,31.0,5216
2012-06-17,193.0,192.0,193.0,19.4,31.0,5216
2012-06-18,192.0,191.0,193.0,19.6,31.0,5216
2012-06-19,196.0,195.0,197.0,19.8,31.0,5216
2012-06-20,199.0,199.0,199.0,19.8,31.0,5216
2012-06-21,199.0,198.0,199.0,20.2,31.0,5216
2012-06-22,198.0,197.0,198.0,20.4,31.0,5216
2012-06-23,197.0,197.0,197.0,20.7,31.0,5216
2012-06-24,197.0,196.0,197.0,20.9,31.0,5216
2012-06-25,196.0,195.0,196.0,21.5,31.0,5216
2012-06-26,195.0,194.0,195.0,21.7,31.0,5216
2012-06-27,191.0,189.0,193.0,22.0,31.0,5216
2012-06-28,186.0,185.0,187.0,22.2,31.0,5216
2012-06-29,181.0,180.0,182.0,22.4,31.0,5216
2012-06-30,178.0,177.0,178.0,22.8,31.0,5216
2012-07-01,178.0,177.0,178.0,22.7,31.0,5216
2012-07-02,176.0,176.0,176.0,22.8,31.0,5216
2012-07-03,178.0,177.0,178.0,22.6,31.0,5216
2012-07-04,179.0,178.0,180.0,22.5,31.0,5216
2012-07-05,181.0,180.0,181.0,22.5,31.0,5216
2012-07-06,180.0,179.0,180.0,22.6,31.0,5216
2012-07-07,179.0,178.0,179.0,22.7,31.0,5216
2012-07-08,178.0,177.0,178.0,22.7,31.0,5216
2012-07-09,181.0,177.0,184.0,22.3,31.0,5216
2012-07-10,192.0,190.0,193.0,22.1,31.0,5216
2012-07-11,195.0,195.0,195.0,22.2,31.0,5216
2012-07-12,199.0,198.0,200.0,21.7,31.0,5216
2012-07-13,203.0,202.0,203.0,21.7,31.0,5216
2012-07-14,204.0,204.0,204.0,21.8,31.0,5216
2012-07-15,204.0,203.0,205.0,22.2,31.0,5216
2012-07-16,201.0,200.0,201.0,22.4,31.0,5216
2012-07-17,198.0,197.0,199.0,22.6,31.0,5216
2012-07-18,200.0,197.0,202.0,22.6,31.0,5216
2012-07-19,210.0,207.0,213.0,22.8,31.0,5216
2012-07-20,214.0,213.0,215.0,22.4,31.0,5216
2012-07-21,217.0,217.0,217.0,22.2,31.0,5216
2012-07-22,219.0,218.0,219.0,22.6,31.0,5216
2012-07-23,219.0,217.0,220.0,21.9,31.0,5216
2012-07-24,211.0,209.0,212.0,21.8,31.0,5216
2012-07-25,205.0,204.0,206.0,24.6,31.0,5216
2012-07-26,201.0,199.0,202.0,25.3,31.0,5216
2012-07-27,198.0,196.0,200.0,26.2,31.0,5216
2012-07-28,204.0,204.0,204.0,26.6,31.0,5216
2012-07-29,203.0,203.0,203.0,26.8,31.0,5216
2012-07-30,203.0,202.0,203.0,26.3,31.0,5216
2012-07-31,202.0,201.0,202.0,26.0,31.0,5216
2012-08-01,199.0,196.0,201.0,25.4,31.0,5216
2012-08-02,194.0,193.0,195.0,25.6,31.0,5216
2012-08-03,191.0,191.0,191.0,25.7,31.0,5216
2012-08-04,193.0,192.0,194.0,25.3,31.0,5216
2012-08-05,196.0,196.0,196.0,25.5,31.0,5216
2012-08-06,196.0,195.0,196.0,25.6,31.0,5216
2012-08-07,195.0,194.0,195.0,25.7,31.0,5216
2012-08-08,195.0,194.0,196.0,25.8,31.0,5216
2012-08-09,199.0,197.0,200.0,25.9,31.0,5216
2012-08-10,204.0,204.0,204.0,25.9,31.0,5216
2012-08-11,206.0,205.0,207.0,25.6,31.0,5216
2012-08-12,208.0,208.0,208.0,24.7,31.0,5216
2012-08-13,211.0,208.0,213.0,24.7,31.0,5216
2012-08-14,219.0,218.0,219.0,24.9,31.0,5216
2012-08-15,222.0,221.0,223.0,25.2,31.0,5216
2012-08-16,224.0,223.0,225.0,25.2,31.0,5216
2012-08-17,219.0,217.0,220.0,25.3,31.0,5216
2012-08-18,213.0,212.0,213.0,25.4,31.0,5216
2012-08-19,213.0,210.0,215.0,24.7,31.0,5216
2012-08-20,223.0,222.0,224.0,24.4,31.0,5216
2012-08-21,230.0,227.0,233.0,22.4,31.0,5216
2012-08-22,240.0,240.0,240.0,21.8,31.0,5216
2012-08-23,238.0,236.0,240.0,19.6,31.0,5216
2012-08-24,230.0,227.0,232.0,19.7,31.0,5216
2012-08-25,221.0,219.0,222.0,19.8,31.0,5216
2012-08-26,215.0,215.0,215.0,19.5,31.0,5216
2012-08-27,215.0,214.0,215.0,19.3,31.0,5216
2012-08-28,218.0,213.0,223.0,19.6,31.0,5216
2012-08-29,238.0,234.0,242.0,19.8,31.0,5216
2012-08-30,250.0,249.0,251.0,19.6,31.0,5216
2012-08-31,254.0,253.0,254.0,19.9,31.0,5216
2012-09-01,254.0,253.0,255.0,20.9,31.0,5216
2012-09-02,249.0,245.0,252.0,21.2,31.0,5216
2012-09-03,237.0,235.0,238.0,21.9,31.0,5216
2012-09-04,229.0,226.0,232.0,21.7,31.0,5216
2012-09-05,223.0,223.0,223.0,21.4,31.0,5216
2012-09-06,224.0,223.0,225.0,20.5,31.0,5216
2012-09-07,223.0,220.0,225.0,20.2,31.0,5216
2012-09-08,215.0,215.0,215.0,20.1,31.0,5216
2012-09-09,214.0,212.0,215.0,19.8,31.0,5216
2012-09-10,202.0,201.0,203.0,20.6,31.0,5216
2012-09-11,199.0,198.0,199.0,20.9,31.0,5216
2012-09-12,197.0,196.0,197.0,20.7,31.0,5216
2012-09-13,196.0,196.0,196.0,20.5,31.0,5216
2012-09-14,196.0,195.0,196.0,20.2,31.0,5216
2012-09-15,195.0,194.0,195.0,20.2,31.0,5216
2012-09-16,193.0,192.0,194.0,20.3,31.0,5216
2012-09-17,192.0,191.0,193.0,20.2,31.0,5216
2012-09-18,200.0,197.0,202.0,19.8,31.0,5216
2012-09-19,210.0,207.0,212.0,19.5,31.0,5216
2012-09-20,219.0,217.0,221.0,19.4,31.0,5216
2012-09-21,226.0,225.0,226.0,19.2,31.32,5216
2012-09-22,235.0,227.0,242.0,19.0,31.32,5216
2012-09-23,255.0,252.0,257.0,18.8,31.32,5216
2012-09-24,269.0,262.0,275.0,18.3,31.32,5216
2012-09-25,300.0,299.0,301.0,18.1,31.32,5216
2012-09-26,306.0,303.0,309.0,17.7,31.32,5216
2012-09-27,304.0,302.0,306.0,17.3,31.32,5216
2012-09-28,298.0,298.0,298.0,16.6,31.32,5216
2012-09-29,299.0,298.0,300.0,15.7,31.32,5216
2012-09-30,297.0,291.0,302.0,14.9,32.0,5216
2012-10-01,279.0,276.0,281.0,12.7,32.0,5216
2012-10-02,273.0,271.0,275.0,12.5,32.0,5216
2012-10-03,282.0,279.0,284.0,12.5,32.0,5216
2012-10-04,290.0,289.0,291.0,12.2,32.0,5216
2012-10-05,293.0,292.0,293.0,12.0,32.0,5216
2012-10-06,289.0,288.0,290.0,12.1,32.0,5216
2012-10-07,285.0,283.0,286.0,11.7,32.0,5216
2012-10-08,280.0,280.0,280.0,11.5,32.0,5216
2012-10-09,278.0,278.0,278.0,11.7,32.0,5216
2012-10-10,278.0,278.0,278.0,12.4,32.0,5216
2012-10-11,281.0,280.0,282.0,11.6,29.0,5216
2012-10-12,286.0,284.0,288.0,10.7,29.0,5216
2012-10-13,291.0,291.0,291.0,10.6,29.0,5216
2012-10-14,288.0,285.0,291.0,10.7,29.0,5216
2012-10-15,279.0,277.0,280.0,9.7,29.0,5216
2012-10-16,273.0,272.0,274.0,9.5,29.0,5216
2012-10-17,271.0,270.0,272.0,9.3,29.0,5216
2012-10-18,282.0,272.0,292.0,8.4,29.0,5216
2012-10-19,317.0,315.0,319.0,6.1,29.0,5216
2012-10-20,318.0,317.0,319.0,6.0,29.0,5216
2012-10-21,314.0,312.0,315.0,5.4,29.0,5216
2012-10-22,307.0,306.0,308.0,5.0,29.0,5216
2012-10-23,305.0,304.0,306.0,3.4,29.0,5216
2012-10-24,301.0,300.0,302.0,2.9,29.0,5216
2012-10-25,297.0,296.0,298.0,3.9,29.0,5216
2012-10-26,293.0,292.0,294.0,3.6,29.0,5216
2012-10-27,290.0,289.0,290.0,3.9,29.0,5216
2012-10-28,293.0,288.0,297.0,3.8,29.0,5216
2012-10-29,309.0,306.0,312.0,2.8,29.0,5216
2012-10-30,322.0,317.0,327.0,2.3,29.0,5216
2012-10-31,340.0,337.0,342.0,2.0,2.29,5216
2012-11-01,346.0,345.0,347.0,1.7,2.29,5216
2012-11-02,347.0,346.0,347.0,1.4,2.29,5216
2012-11-03,344.0,343.0,345.0,1.6,2.29,5216
2012-11-04,338.0,334.0,341.0,1.6,2.29,5216
2012-11-05,325.0,323.0,327.0,1.5,2.29,5216
2012-11-06,318.0,317.0,319.0,1.8,2.29,5216
2012-11-07,313.0,310.0,315.0,1.8,2.29,5216
2012-11-08,304.0,302.0,306.0,2.1,29.0,5216
2012-11-09,297.0,295.0,298.0,2.0,29.0,5216
2012-11-10,291.0,290.0,292.0,1.9,29.0,5216
2012-11-11,292.0,288.0,296.0,1.7,29.0,5216
2012-11-12,313.0,303.0,323.0,1.7,29.0,5216
2012-11-13,348.0,346.0,350.0,1.7,29.0,5216
2012-11-14,357.0,356.0,358.0,1.5,29.0,5216
2012-11-15,348.0,346.0,350.0,1.7,29.0,5216
2012-11-16,341.0,340.0,342.0,1.6,29.0,5216
2012-11-17,337.0,336.0,338.0,1.4,2.29,5216
2012-11-18,337.0,334.0,340.0,1.1,2.0,5216
2012-11-19,345.0,344.0,346.0,0.6,,5216
2012-11-20,341.0,340.0,342.0,0.0,15.0,5216
2012-11-21,335.0,333.0,336.0,0.0,15.0,5216
2012-11-22,328.0,326.0,330.0,0.0,15.0,5216
2012-11-23,320.0,318.0,322.0,0.0,15.0,5216
2012-11-24,312.0,309.0,314.0,0.0,15.0,5216
2012-11-25,304.0,304.0,304.0,0.0,15.0,5216
2012-11-26,304.0,303.0,304.0,0.0,15.0,5216
2012-11-27,303.0,303.0,303.0,0.0,15.0,5216
2012-11-28,297.0,292.0,302.0,0.0,16.15,5216
2012-11-29,277.0,272.0,282.0,0.0,16.0,5216
2012-11-30,259.0,256.0,261.0,0.0,16.0,5216
2012-12-01,251.0,251.0,251.0,,16.0,5216
2012-12-02,247.0,247.0,247.0,,16.0,5216
2012-12-03,242.0,242.0,242.0,,16.0,5216
2012-12-04,237.0,237.0,237.0,,16.0,5216
2012-12-05,232.0,232.0,232.0,,16.0,5216
2012-12-06,222.0,222.0,222.0,,16.0,5216
2012-12-07,217.0,217.0,217.0,,16.0,5216
2012-12-08,212.0,212.0,212.0,,16.0,5216
2012-12-09,208.0,208.0,208.0,,16.0,5216
2012-12-10,204.0,204.0,204.0,,16.0,5216
2012-12-11,200.0,200.0,200.0,,16.0,5216
2012-12-12,199.0,199.0,199.0,,16.0,5216
2012-12-13,198.0,198.0,198.0,,16.0,5216
2012-12-14,197.0,197.0,197.0,,16.0,5216
2012-12-15,196.0,196.0,196.0,,16.0,5216
2012-12-16,195.0,195.0,195.0,,16.0,5216
2012-12-17,193.0,193.0,193.0,,16.0,5216
2012-12-18,191.0,191.0,191.0,,16.0,5216
2012-12-19,189.0,189.0,189.0,,16.0,5216
2012-12-20,187.0,187.0,187.0,,16.0,5216
2012-12-21,185.0,185.0,185.0,,16.0,5216
2012-12-22,183.0,183.0,183.0,,16.0,5216
2012-12-23,181.0,181.0,181.0,,16.0,5216
2012-12-24,179.0,179.0,179.0,,16.0,5216
2012-12-25,177.0,177.0,177.0,,16.0,5216
2012-12-26,175.0,175.0,175.0,,16.0,5216
2012-12-27,173.0,173.0,173.0,,16.0,5216
2012-12-28,171.0,171.0,171.0,,16.0,5216
2012-12-29,169.0,169.0,169.0,,16.0,5216
2012-12-30,167.0,167.0,167.0,,16.0,5216
2012-12-31,165.0,165.0,165.0,,16.0,5216
2014-01-01,160.0,160.0,160.0,,16.0,5216
2014-01-02,160.0,160.0,160.0,,16.0,5216
2014-01-03,160.0,160.0,160.0,,16.0,5216
2014-01-04,160.0,160.0,160.0,,16.0,5216
2014-01-05,160.0,160.0,160.0,,16.0,5216
2014-01-06,160.0,160.0,160.0,,16.0,5216
2014-01-07,159.0,159.0,159.0,,16.0,5216
2014-01-08,159.0,159.0,159.0,,16.0,5216
2014-01-09,159.0,159.0,159.0,,16.0,5216
2014-01-10,159.0,159.0,159.0,,16.0,5216
2014-01-11,159.0,159.0,159.0,,16.0,5216
2014-01-12,159.0,159.0,159.0,,16.0,5216
2014-01-13,159.0,159.0,159.0,,16.0,5216
2014-01-14,159.0,159.0,159.0,,16.0,5216
2014-01-15,159.0,159.0,159.0,,16.0,5216
2014-01-16,159.0,159.0,159.0,,16.0,5216
2014-01-17,158.0,158.0,158.0,,16.0,5216
2014-01-18,158.0,158.0,158.0,,16.0,5216
2014-01-19,158.0,158.0,158.0,,16.0,5216
2014-01-20,158.0,158.0,158.0,,16.0,5216
2014-01-21,158.0,158.0,158.0,,16.0,5216
2014-01-22,158.0,158.0,158.0,,16.0,5216
2014-01-23,158.0,158.0,158.0,,16.0,5216
2014-01-24,158.0,158.0,158.0,,16.0,5216
2014-01-25,158.0,158.0,158.0,,16.0,5216
2014-01-26,158.0,158.0,158.0,,16.0,5216
2014-01-27,157.0,157.0,157.0,,16.0,5216
2014-01-28,157.0,157.0,157.0,,16.0,5216
2014-01-29,157.0,157.0,157.0,,16.0,5216
2014-01-30,157.0,157.0,157.0,,16.0,5216
2014-01-31,157.0,157.0,157.0,,16.0,5216
2014-02-01,157.0,157.0,157.0,,16.0,5216
2014-02-02,157.0,157.0,157.0,,16.0,5216
2014-02-03,157.0,157.0,157.0,,16.0,5216
2014-02-04,157.0,157.0,157.0,,16.0,5216
2014-02-05,157.0,157.0,157.0,,16.0,5216
2014-02-06,156.0,156.0,156.0,,16.0,5216
2014-02-07,156.0,156.0,156.0,,16.0,5216
2014-02-08,156.0,156.0,156.0,,16.0,5216
2014-02-09,156.0,156.0,156.0,,16.0,5216
2014-02-10,156.0,156.0,156.0,,16.0,5216
2014-02-11,155.0,155.0,155.0,,16.0,5216
2014-02-12,154.0,154.0,154.0,,16.0,5216
2014-02-13,153.0,153.0,153.0,,16.0,5216
2014-02-14,153.0,153.0,153.0,,16.0,5216
2014-02-15,153.0,153.0,153.0,,16.0,5216
2014-02-16,153.0,153.0,153.0,,16.0,5216
2014-02-17,153.0,153.0,153.0,,16.0,5216
2014-02-18,152.0,152.0,152.0,,16.0,5216
2014-02-19,152.0,152.0,152.0,,16.33,5216
2014-02-20,152.0,152.0,152.0,,16.33,5216
2014-02-21,151.0,151.0,151.0,,16.33,5216
2014-02-22,151.0,151.0,151.0,,16.33,5216
2014-02-23,151.0,151.0,151.0,,16.33,5216
2014-02-24,150.0,150.0,150.0,,16.33,5216
2014-02-25,150.0,150.0,150.0,,16.33,5216
2014-02-26,150.0,150.0,150.0,,16.33,5216
2014-02-27,150.0,150.0,150.0,,16.33,5216
2014-02-28,150.0,150.0,150.0,,16.33,5216
2014-03-01,151.0,150.0,152.0,0.0,16.33,5216
2014-03-02,153.0,152.0,154.0,0.0,16.33,5216
2014-03-03,156.0,154.0,157.0,0.0,16.33,5216
2014-03-04,157.0,157.0,157.0,0.0,16.33,5216
2014-03-05,157.0,156.0,157.0,0.0,16.33,5216
2014-03-06,156.0,156.0,156.0,0.0,16.33,5216
2014-03-07,156.0,156.0,156.0,0.0,16.33,5216
2014-03-08,156.0,156.0,156.0,0.0,16.33,5216
2014-03-09,156.0,156.0,156.0,0.0,16.33,5216
2014-03-10,157.0,156.0,158.0,0.0,16.33,5216
2014-03-11,159.0,158.0,160.0,0.0,16.33,5216
2014-03-12,161.0,160.0,161.0,0.0,16.33,5216
2014-03-13,162.0,161.0,162.0,0.0,16.33,5216
2014-03-14,163.0,162.0,164.0,0.0,16.33,5216
2014-03-15,166.0,164.0,167.0,0.0,16.33,5216
2014-03-16,174.0,168.0,180.0,0.0,,5216
2014-03-17,187.0,185.0,188.0,0.0,,5216
2014-03-18,191.0,190.0,192.0,0.0,16.0,5216
2014-03-19,193.0,192.0,194.0,0.0,16.0,5216
2014-03-20,195.0,194.0,195.0,0.0,16.0,5216
2014-03-21,196.0,195.0,196.0,0.0,25.16,5216
2014-03-22,196.0,196.0,196.0,0.0,25.16,5216
2014-03-23,195.0,194.0,196.0,0.1,25.16,5216
2014-03-24,192.0,191.0,193.0,0.1,25.16,5216
2014-03-25,191.0,190.0,191.0,0.3,25.16,5216
2014-03-26,191.0,190.0,191.0,0.4,25.16,5216
2014-03-27,193.0,192.0,194.0,0.6,16.0,5216
2014-03-28,196.0,195.0,196.0,0.8,16.0,5216
2014-03-29,197.0,197.0,197.0,1.2,16.0,5216
2014-03-30,201.0,197.0,204.0,1.3,16.0,5216
2014-03-31,215.0,212.0,217.0,1.1,29.0,5216
2014-04-01,222.0,221.0,222.0,1.0,29.0,5216
2014-04-02,221.0,219.0,223.0,1.4,29.0,5216
2014-04-03,215.0,214.0,216.0,1.5,29.0,5216
2014-04-04,212.0,211.0,212.0,1.6,29.0,5216
2014-04-05,211.0,210.0,211.0,1.0,29.0,5216
2014-04-06,210.0,209.0,210.0,0.9,29.0,5216
2014-04-07,206.0,204.0,208.0,1.2,29.0,5216
2014-04-08,198.0,195.0,200.0,1.5,29.0,5216
2014-04-09,190.0,189.0,191.0,2.0,29.0,5216
2014-04-10,187.0,186.0,187.0,2.0,29.0,5216
2014-04-11,185.0,184.0,185.0,2.5,29.0,5216
2014-04-12,182.0,181.0,182.0,2.8,29.0,5216
2014-04-13,180.0,180.0,180.0,3.1,29.0,5216
2014-04-14,180.0,180.0,180.0,4.6,29.0,5216
2014-04-15,180.0,180.0,180.0,7.7,29.0,5216
2014-04-16,180.0,179.0,180.0,9.1,29.0,5216
2014-04-17,179.0,179.0,179.0,8.7,29.0,5216
2014-04-18,178.0,178.0,178.0,8.9,29.0,5216
2014-04-19,178.0,178.0,178.0,9.2,29.0,5216
2014-04-20,178.0,177.0,178.0,9.2,29.0,5216
2014-04-21,177.0,176.0,177.0,9.0,29.0,5216
2014-04-22,176.0,176.0,176.0,8.9,29.0,5216
2014-04-23,176.0,175.0,176.0,9.3,29.0,5216
2014-04-24,175.0,175.0,175.0,9.4,29.0,5216
2014-04-25,175.0,174.0,175.0,10.5,29.0,5216
2014-04-26,174.0,174.0,174.0,11.0,29.0,5216
2014-04-27,174.0,174.0,174.0,11.0,29.0,5216
2014-04-28,174.0,174.0,174.0,10.9,29.0,5216
2014-04-29,173.0,173.0,173.0,11.0,29.0,5216
2014-04-30,173.0,173.0,173.0,11.3,29.0,5216
2014-05-01,173.0,172.0,173.0,10.1,29.0,5216
2014-05-02,172.0,172.0,172.0,10.4,29.0,5216
2014-05-03,172.0,172.0,172.0,10.5,29.0,5216
2014-05-04,172.0,172.0,172.0,10.6,29.0,5216
2014-05-05,173.0,172.0,174.0,10.6,29.0,5216
2014-05-06,175.0,174.0,175.0,10.6,29.0,5216
2014-05-07,177.0,176.0,178.0,10.9,29.0,5216
2014-05-08,180.0,179.0,180.0,11.0,29.0,5216
2014-05-09,181.0,181.0,181.0,11.2,29.0,5216
2014-05-10,181.0,181.0,181.0,11.4,29.0,5216
2014-05-11,182.0,181.0,183.0,11.6,29.0,5216
2014-05-12,186.0,184.0,187.0,11.7,29.0,5216
2014-05-13,186.0,185.0,187.0,11.4,29.0,5216
2014-05-14,185.0,185.0,185.0,11.5,29.0,5216
2014-05-15,186.0,185.0,186.0,11.7,29.0,5216
2014-05-16,188.0,187.0,188.0,11.6,29.0,5216
2014-05-17,189.0,188.0,190.0,12.0,29.0,5216
2014-05-18,193.0,190.0,196.0,12.1,29.0,5216
2014-05-19,200.0,198.0,201.0,12.4,29.0,5216
2014-05-20,207.0,205.0,209.0,12.6,29.0,5216
2014-05-21,222.0,216.0,227.0,12.6,29.0,5216
2014-05-22,240.0,237.0,242.0,13.6,29.0,5216
2014-05-23,246.0,245.0,247.0,14.0,29.0,5216
2014-05-24,241.0,238.0,243.0,14.1,29.0,5216
2014-05-25,237.0,236.0,238.0,13.9,29.0,5216
2014-05-26,238.0,237.0,238.0,13.5,29.0,5216
2014-05-27,237.0,235.0,239.0,14.7,29.0,5216
2014-05-28,232.0,231.0,233.0,15.3,29.0,5216
2014-05-29,230.0,230.0,230.0,15.5,29.0,5216
2014-05-30,234.0,230.0,238.0,17.2,29.0,5216
2014-05-31,252.0,249.0,254.0,18.2,29.0,5216
2014-06-01,261.0,259.0,263.0,20.5,31.0,5216
2014-06-02,267.0,266.0,267.0,21.0,31.0,5216
2014-06-03,264.0,262.0,265.0,21.3,31.0,5216
2014-06-04,257.0,254.0,259.0,21.4,31.0,5216
2014-06-05,248.0,247.0,249.0,21.4,31.0,5216
2014-06-06,238.0,232.0,243.0,21.2,31.0,5216
2014-06-07,224.0,221.0,227.0,21.4,31.0,5216
2014-06-08,216.0,214.0,217.0,21.0,31.0,5216
2014-06-09,211.0,211.0,211.0,20.1,31.0,5216
2014-06-10,209.0,208.0,209.0,20.1,31.0,5216
2014-06-11,206.0,205.0,206.0,21.1,31.0,5216
2014-06-12,208.0,207.0,208.0,20.9,31.0,5216
2014-06-13,212.0,211.0,212.0,20.9,31.0,5216
2014-06-14,215.0,213.0,217.0,21.0,31.0,5216
2014-06-15,229.0,227.0,230.0,20.8,31.0,5216
2014-06-16,236.0,233.0,238.0,21.2,31.0,5216
2014-06-17,245.0,242.0,248.0,21.3,31.0,5216
2014-06-18,257.0,253.0,261.0,21.4,31.0,5216
2014-06-19,272.0,269.0,274.0,21.2,31.0,5216
2014-06-20,278.0,277.0,278.0,21.4,31.0,5216
2014-06-21,277.0,276.0,277.0,21.5,31.0,5216
2014-06-22,271.0,267.0,275.0,21.4,31.0,5216
2014-06-23,257.0,254.0,260.0,21.5,31.0,5216
2014-06-24,247.0,245.0,249.0,21.3,31.0,5216
2014-06-25,239.0,237.0,241.0,21.5,31.0,5216
2014-06-26,230.0,228.0,232.0,21.6,31.0,5216
2014-06-27,223.0,221.0,224.0,21.5,31.0,5216
2014-06-28,216.0,214.0,218.0,21.8,31.0,5216
2014-06-29,210.0,210.0,210.0,21.8,31.0,5216
2014-06-30,210.0,209.0,210.0,21.8,31.0,5216
2014-07-01,209.0,208.0,209.0,22.0,31.0,5216
2014-07-02,207.0,206.0,207.0,22.1,31.0,5216
2014-07-03,205.0,204.0,205.0,22.4,31.0,5216
2014-07-04,203.0,202.0,203.0,22.5,31.0,5216
2014-07-05,201.0,200.0,201.0,22.5,31.0,5216
2014-07-06,198.0,197.0,198.0,22.7,31.0,5216
2014-07-07,195.0,194.0,195.0,22.9,31.0,5216
2014-07-08,193.0,192.0,193.0,23.1,31.0,5216
2014-07-09,190.0,189.0,190.0,23.1,31.0,5216
2014-07-10,188.0,187.0,188.0,23.2,31.0,5216
2014-07-11,186.0,186.0,186.0,23.3,31.0,5216
2014-07-12,186.0,185.0,186.0,23.4,31.0,5216
2014-07-13,187.0,187.0,187.0,23.5,31.0,5216
2014-07-14,188.0,188.0,188.0,23.7,31.0,5216
2014-07-15,187.0,186.0,188.0,23.9,31.0,5216
2014-07-16,185.0,185.0,185.0,24.1,31.0,5216
2014-07-17,185.0,184.0,185.0,24.2,31.0,5216
2014-07-18,184.0,184.0,184.0,24.2,31.0,5216
2014-07-19,184.0,183.0,184.0,24.4,31.0,5216
2014-07-20,183.0,182.0,183.0,24.5,31.0,5216
2014-07-21,182.0,182.0,182.0,24.8,31.0,5216
2014-07-22,188.0,182.0,194.0,24.9,31.0,5216
2014-07-23,209.0,207.0,211.0,25.1,31.0,5216
2014-07-24,211.0,207.0,215.0,25.3,31.0,5216
2014-07-25,207.0,207.0,207.0,25.5,31.0,5216
2014-07-26,206.0,205.0,206.0,25.6,31.0,5216
2014-07-27,206.0,206.0,206.0,25.8,31.0,5216
2014-07-28,209.0,206.0,211.0,26.0,31.0,5216
2014-07-29,218.0,216.0,220.0,26.3,31.0,5216
2014-07-30,226.0,224.0,227.0,26.7,31.0,5216
2014-07-31,230.0,229.0,230.0,27.0,31.0,5216
2014-08-01,231.0,230.0,231.0,26.8,31.0,5216
2014-08-02,230.0,230.0,230.0,27.0,31.0,5216
2014-08-03,229.0,228.0,230.0,27.2,31.0,5216
2014-08-04,226.0,225.0,227.0,27.0,31.0,5216
2014-08-05,222.0,220.0,224.0,27.0,31.0,5216
2014-08-06,213.0,211.0,215.0,26.4,31.0,5216
2014-08-07,205.0,203.0,207.0,25.7,31.0,5216
2014-08-08,200.0,198.0,201.0,24.2,31.0,5216
2014-08-09,195.0,193.0,196.0,23.2,31.0,5216
2014-08-10,190.0,190.0,190.0,22.6,31.0,5216
2014-08-11,190.0,190.0,190.0,20.8,31.0,5216
2014-08-12,190.0,190.0,190.0,20.6,31.0,5216
2014-08-13,189.0,188.0,190.0,20.4,31.0,5216
2014-08-14,188.0,188.0,188.0,20.5,31.0,5216
2014-08-15,188.0,187.0,188.0,20.6,31.0,5216
2014-08-16,186.0,185.0,186.0,20.9,31.0,5216
2014-08-17,185.0,185.0,185.0,21.0,31.0,5216
2014-08-18,184.0,183.0,185.0,21.0,31.0,5216
2014-08-19,182.0,181.0,182.0,21.2,31.0,5216
2014-08-20,179.0,178.0,180.0,21.0,31.0,5216
2014-08-21,175.0,174.0,175.0,20.9,31.0,5216
2014-08-22,172.0,171.0,173.0,20.7,31.0,5216
2014-08-23,170.0,170.0,170.0,20.1,31.0,5216
2014-08-24,171.0,170.0,171.0,19.9,31.0,5216
2014-08-25,173.0,171.0,175.0,19.8,31.0,5216
2014-08-26,179.0,178.0,179.0,20.0,31.0,5216
2014-08-27,181.0,180.0,181.0,20.2,31.0,5216
2014-08-28,187.0,182.0,192.0,20.0,31.0,5216
2014-08-29,214.0,208.0,220.0,19.8,31.0,5216
2014-08-30,238.0,232.0,244.0,19.6,31.0,5216
2014-08-31,257.0,249.0,263.0,19.5,31.0,5216
2014-09-01,268.0,267.0,268.0,19.9,31.0,5216
2014-09-02,267.0,265.0,269.0,19.7,31.0,5216
2014-09-03,260.0,258.0,261.0,19.5,31.0,5216
2014-09-04,253.0,250.0,255.0,19.5,31.0,5216
2014-09-05,240.0,236.0,243.0,19.4,31.0,5216
2014-09-06,227.0,224.0,229.0,19.5,31.0,5216
2014-09-07,219.0,218.0,219.0,19.5,31.0,5216
2014-09-08,217.0,217.0,217.0,19.4,31.0,5216
2014-09-09,221.0,219.0,223.0,19.1,31.0,5216
2014-09-10,230.0,227.0,232.0,19.0,31.0,5216
2014-09-11,238.0,236.0,240.0,18.8,31.0,5216
2014-09-12,244.0,243.0,245.0,18.6,31.0,5216
2014-09-13,247.0,246.0,248.0,18.6,31.0,5216
2014-09-14,248.0,245.0,250.0,18.5,31.0,5216
2014-09-15,237.0,234.0,239.0,18.3,31.0,5216
2014-09-16,231.0,231.0,231.0,18.3,31.0,5216
2014-09-17,231.0,229.0,232.0,18.1,31.0,5216
2014-09-18,226.0,225.0,227.0,18.0,31.0,5216
2014-09-19,222.0,221.0,223.0,18.0,31.0,5216
2014-09-20,218.0,215.0,220.0,17.8,31.0,5216
2014-09-21,207.0,204.0,210.0,17.6,32.0,5216
2014-09-22,198.0,196.0,199.0,17.4,32.0,5216
2014-09-23,193.0,192.0,193.0,17.3,32.0,5216
2014-09-24,190.0,189.0,191.0,17.0,32.0,5216
2014-09-25,187.0,187.0,187.0,16.8,32.0,5216
2014-09-26,187.0,186.0,187.0,16.6,32.0,5216
2014-09-27,186.0,185.0,186.0,16.4,32.0,5216
2014-09-28,185.0,185.0,185.0,15.4,32.0,5216
2014-09-29,185.0,185.0,185.0,14.9,32.0,5216
2014-09-30,184.0,184.0,184.0,13.4,32.0,5216
2014-10-01,184.0,184.0,184.0,10.8,29.0,5216
2014-10-02,185.0,184.0,186.0,10.6,29.0,5216
2014-10-03,188.0,187.0,188.0,10.2,29.0,5216
2014-10-04,188.0,188.0,188.0,10.0,29.0,5216
2014-10-05,189.0,188.0,189.0,10.2,29.0,5216
2014-10-06,192.0,191.0,192.0,9.9,29.0,5216
2014-10-07,198.0,195.0,200.0,9.8,29.0,5216
2014-10-08,206.0,203.0,208.0,9.9,29.0,5216
2014-10-09,213.0,212.0,214.0,9.6,29.0,5216
2014-10-10,218.0,216.0,220.0,9.5,29.0,5216
2014-10-11,222.0,222.0,222.0,9.4,29.0,5216
2014-10-12,223.0,220.0,225.0,9.6,29.0,5216
2014-10-13,228.0,227.0,228.0,8.6,29.0,5216
2014-10-14,223.0,220.0,226.0,8.2,29.0,5216
2014-10-15,213.0,211.0,215.0,7.7,29.0,5216
2014-10-16,205.0,203.0,207.0,7.5,29.0,5216
2014-10-17,199.0,198.0,200.0,7.2,29.0,5216
2014-10-18,196.0,194.0,197.0,6.9,29.0,5216
2014-10-19,192.0,191.0,192.0,7.1,29.0,5216
2014-10-20,189.0,188.0,189.0,7.2,29.0,5216
2014-10-21,187.0,186.0,187.0,6.8,29.0,5216
2014-10-22,185.0,185.0,185.0,6.2,29.0,5216
2014-10-23,184.0,183.0,184.0,6.2,29.0,5216
2014-10-24,182.0,182.0,182.0,6.3,29.0,5216
2014-10-25,182.0,182.0,182.0,6.4,29.0,5216
2014-10-26,184.0,184.0,184.0,6.4,29.0,5216
2014-10-27,184.0,184.0,184.0,6.1,29.0,5216
2014-10-28,184.0,183.0,184.0,5.8,29.0,5216
2014-10-29,183.0,183.0,183.0,5.6,29.0,5216
2014-10-30,183.0,183.0,183.0,5.4,29.0,5216
2014-10-31,182.0,182.0,182.0,5.2,29.0,5216
2014-11-01,181.0,180.0,181.0,5.0,29.0,5216
2014-11-02,180.0,180.0,180.0,4.7,29.0,5216
2014-11-03,181.0,181.0,181.0,4.3,29.0,5216
2014-11-04,182.0,180.0,183.0,3.9,29.0,5216
2014-11-05,187.0,185.0,188.0,3.7,29.0,5216
2014-11-06,192.0,191.0,193.0,3.5,29.0,5216
2014-11-07,196.0,195.0,197.0,2.9,29.0,5216
2014-11-08,197.0,196.0,198.0,2.5,2.0,5216
2014-11-09,200.0,196.0,204.0,2.4,2.0,5216
2014-11-10,210.0,206.0,214.0,2.1,2.0,5216
2014-11-11,218.0,218.0,218.0,2.0,2.0,5216
2014-11-12,217.0,216.0,217.0,1.9,2.0,5216
2014-11-13,216.0,216.0,216.0,1.4,2.0,5216
2014-11-14,215.0,214.0,216.0,0.5,,5216
2014-11-15,216.0,215.0,216.0,0.0,15.0,5216
2014-11-16,208.0,201.0,215.0,0.0,15.0,5216
2014-11-17,199.0,194.0,203.0,0.0,16.0,5216
2014-11-18,190.0,188.0,192.0,0.0,16.0,5216
2014-11-19,187.0,186.0,188.0,0.0,16.0,5216
2014-11-20,185.0,185.0,185.0,0.0,16.0,5216
2014-11-21,186.0,185.0,187.0,0.0,16.0,5216
2014-11-22,186.0,185.0,187.0,0.0,16.0,5216
2014-11-23,183.0,181.0,184.0,0.0,16.0,5216
2014-11-24,179.0,178.0,180.0,0.0,16.0,5216
2014-11-25,178.0,177.0,178.0,0.0,16.0,5216
2014-11-26,177.0,177.0,177.0,0.0,16.0,5216
2014-11-27,177.0,176.0,177.0,0.0,16.0,5216
2014-11-28,176.0,175.0,176.0,0.0,16.0,5216
2014-11-29,175.0,174.0,175.0,0.0,16.0,5216
2014-11-30,176.0,174.0,178.0,0.0,16.0,5216
2014-12-01,182.0,182.0,182.0,,16.0,5216
2014-12-02,185.0,185.0,185.0,,16.0,5216
2014-12-03,186.0,186.0,186.0,,16.0,5216
2014-12-04,188.0,188.0,188.0,,16.0,5216
2014-12-05,188.0,188.0,188.0,,16.0,5216
2014-12-06,190.0,190.0,190.0,,16.0,5216
2014-12-07,190.0,190.0,190.0,,16.0,5216
2014-12-08,192.0,192.0,192.0,,16.0,5216
2014-12-09,192.0,192.0,192.0,,16.0,5216
2014-12-10,194.0,194.0,194.0,,16.0,5216
2014-12-11,194.0,194.0,194.0,,16.0,5216
2014-12-12,195.0,195.0,195.0,,16.0,5216
2014-12-13,195.0,195.0,195.0,,16.0,5216
2014-12-14,196.0,196.0,196.0,,16.0,5216
2014-12-15,196.0,196.0,196.0,,16.0,5216
2014-12-16,197.0,197.0,197.0,,16.0,5216
2014-12-17,199.0,199.0,199.0,,16.0,5216
2014-12-18,199.0,199.0,199.0,,16.0,5216
2014-12-19,200.0,200.0,200.0,,16.0,5216
2014-12-20,200.0,200.0,200.0,,16.0,5216
2014-12-21,200.0,200.0,200.0,,16.0,5216
2014-12-22,200.0,200.0,200.0,,16.0,5216
2014-12-23,202.0,202.0,202.0,,16.0,5216
2014-12-24,202.0,202.0,202.0,,16.0,5216
2014-12-25,203.0,203.0,203.0,,16.0,5216
2014-12-26,203.0,203.0,203.0,,16.0,5216
2014-12-27,204.0,204.0,204.0,,16.0,5216
2014-12-28,204.0,204.0,204.0,,16.0,5216
2014-12-29,205.0,205.0,205.0,,16.0,5216
2014-12-30,205.0,205.0,205.0,,16.0,5216
2014-12-31,205.0,205.0,205.0,,16.0,5216
2015-01-01,205.0,205.0,205.0,,16.0,5216
2015-01-02,205.0,205.0,205.0,,16.0,5216
2015-01-03,204.0,204.0,204.0,,16.0,5216
2015-01-04,204.0,204.0,204.0,,16.0,5216
2015-01-05,204.0,204.0,204.0,,16.0,5216
2015-01-06,203.0,203.0,203.0,,16.0,5216
2015-01-07,203.0,203.0,203.0,,16.0,5216
2015-01-08,203.0,203.0,203.0,,16.0,5216
2015-01-09,202.0,202.0,202.0,,16.0,5216
2015-01-10,201.0,201.0,201.0,,16.0,5216
2015-01-11,201.0,201.0,201.0,,16.0,5216
2015-01-12,200.0,200.0,200.0,,16.0,5216
2015-01-13,200.0,200.0,200.0,,16.33,5216
2015-01-14,198.0,198.0,198.0,,16.33,5216
2015-01-15,198.0,198.0,198.0,,16.33,5216
2015-01-16,196.0,196.0,196.0,,16.33,5216
2015-01-17,196.0,196.0,196.0,,16.33,5216
2015-01-18,194.0,194.0,194.0,,16.33,5216
2015-01-19,194.0,194.0,194.0,,16.33,5216
2015-01-20,192.0,192.0,192.0,,16.33,5216
2015-01-21,192.0,192.0,192.0,,16.33,5216
2015-01-22,190.0,190.0,190.0,,16.33,5216
2015-01-23,190.0,190.0,190.0,,16.33,5216
2015-01-24,190.0,190.0,190.0,,16.33,5216
2015-01-25,188.0,188.0,188.0,,16.33,5216
2015-01-26,188.0,188.0,188.0,,16.33,5216
2015-01-27,186.0,186.0,186.0,,16.33,5216
2015-01-28,186.0,186.0,186.0,,16.33,5216
2015-01-29,184.0,184.0,184.0,,16.33,5216
2015-01-30,184.0,184.0,184.0,,16.33,5216
2015-01-31,184.0,184.0,184.0,,16.33,5216
2015-02-01,182.0,182.0,182.0,,16.33,5216
2015-02-02,180.0,180.0,180.0,,16.33,5216
2015-02-03,179.0,179.0,179.0,,16.33,5216
2015-02-04,178.0,178.0,178.0,,16.33,5216
2015-02-05,178.0,178.0,178.0,,16.33,5216
2015-02-06,177.0,177.0,177.0,,16.33,5216
2015-02-07,177.0,177.0,177.0,,16.33,5216
2015-02-08,176.0,176.0,176.0,,16.33,5216
2015-02-09,176.0,176.0,176.0,,16.33,5216
2015-02-10,175.0,175.0,175.0,,16.33,5216
2015-02-11,175.0,175.0,175.0,,16.33,5216
2015-02-12,174.0,174.0,174.0,,16.33,5216
2015-02-13,174.0,174.0,174.0,,16.33,5216
2015-02-14,172.0,172.0,172.0,,16.33,5216
2015-02-15,172.0,172.0,172.0,,16.33,5216
2015-02-16,170.0,170.0,170.0,,16.33,5216
2015-02-17,170.0,170.0,170.0,,16.33,5216
2015-02-18,168.0,168.0,168.0,,16.33,5216
2015-02-19,167.0,167.0,167.0,,16.33,5216
2015-02-20,165.0,165.0,165.0,,16.33,5216
2015-02-21,163.0,163.0,163.0,,16.33,5216
2015-02-22,162.0,162.0,162.0,,16.33,5216
2015-02-23,162.0,162.0,162.0,,16.33,5216
2015-02-24,161.0,161.0,161.0,,16.33,5216
2015-02-25,161.0,161.0,161.0,,16.33,5216
2015-02-26,160.0,160.0,160.0,,16.33,5216
2015-02-27,160.0,160.0,160.0,,16.33,5216
2015-02-28,159.0,159.0,159.0,,16.33,5216
2015-03-01,159.0,159.0,159.0,0.0,16.33,5216
2015-03-02,159.0,158.0,159.0,0.0,16.33,5216
2015-03-03,159.0,159.0,159.0,0.0,16.33,5216
2015-03-04,159.0,159.0,159.0,0.0,16.33,5216
2015-03-05,159.0,159.0,159.0,0.0,16.33,5216
2015-03-06,158.0,158.0,158.0,0.0,16.33,5216
2015-03-07,158.0,158.0,158.0,0.0,16.33,5216
2015-03-08,159.0,158.0,159.0,0.0,16.33,5216
2015-03-09,159.0,159.0,159.0,0.0,16.33,5216
2015-03-10,159.0,159.0,159.0,0.0,16.33,5216
2015-03-11,159.0,158.0,159.0,0.0,16.33,5216
2015-03-12,168.0,157.0,178.0,0.0,16.33,5216
2015-03-13,178.0,176.0,179.0,0.0,16.33,5216
2015-03-14,182.0,180.0,183.0,0.0,16.33,5216
2015-03-15,186.0,183.0,188.0,0.0,16.33,5216
2015-03-16,190.0,188.0,192.0,0.0,16.33,5216
2015-03-17,196.0,194.0,198.0,0.1,16.33,5216
2015-03-18,201.0,199.0,202.0,0.2,24.47,5216
2015-03-19,209.0,204.0,214.0,0.2,16.0,5216
2015-03-20,227.0,222.0,231.0,0.2,16.0,5216
2015-03-21,270.0,237.0,353.0,0.0,25.16,5216
2015-03-22,378.0,368.0,388.0,0.0,25.16,5216
2015-03-23,376.0,371.0,384.0,0.0,25.16,5216
2015-03-24,363.0,361.0,365.0,0.0,,5216
2015-03-25,355.0,352.0,357.0,0.8,29.0,5216
2015-03-26,344.0,341.0,347.0,1.3,29.0,5216
2015-03-27,333.0,330.0,336.0,1.9,29.0,5216
2015-03-28,322.0,320.0,324.0,2.4,29.0,5216
2015-03-29,315.0,313.0,316.0,2.6,29.0,5216
2015-03-30,309.0,308.0,309.0,4.4,29.0,5216
2015-03-31,316.0,314.0,318.0,4.7,29.0,5216
2015-04-01,315.0,313.0,317.0,4.3,29.0,5216
2015-04-02,308.0,306.0,310.0,4.3,29.0,5216
2015-04-03,304.0,303.0,305.0,4.0,29.0,5216
2015-04-04,299.0,297.0,300.0,4.0,29.0,5216
2015-04-05,293.0,292.0,294.0,4.4,29.0,5216
2015-04-06,291.0,290.0,292.0,4.4,29.0,5216
2015-04-07,304.0,296.0,312.0,4.8,29.0,5216
2015-04-08,333.0,322.0,340.0,4.9,29.0,5216
2015-04-09,340.0,338.0,342.0,5.1,29.0,5216
2015-04-10,335.0,334.0,336.0,4.7,29.0,5216
2015-04-11,338.0,335.0,340.0,4.0,29.0,5216
2015-04-12,325.0,320.0,330.0,4.5,29.0,5216
2015-04-13,313.0,310.0,315.0,5.5,29.0,5216
2015-04-14,304.0,303.0,305.0,5.8,29.0,5216
2015-04-15,301.0,300.0,302.0,7.5,29.0,5216
2015-04-16,299.0,298.0,299.0,9.0,29.0,5216
2015-04-17,297.0,297.0,297.0,9.0,29.0,5216
2015-04-18,296.0,294.0,297.0,9.0,29.0,5216
2015-04-19,296.0,291.0,301.0,9.3,29.0,5216
2015-04-20,319.0,311.0,326.0,11.2,29.0,5216
2015-04-21,342.0,331.0,350.0,11.4,29.0,5216
2015-04-22,337.0,334.0,340.0,11.5,29.0,5216
2015-04-23,325.0,320.0,329.0,11.9,29.0,5216
2015-04-24,311.0,306.0,315.0,12.3,29.0,5216
2015-04-25,297.0,294.0,300.0,12.4,29.0,5216
2015-04-26,287.0,284.0,289.0,12.9,29.0,5216
2015-04-27,277.0,274.0,279.0,13.2,29.0,5216
2015-04-28,270.0,268.0,271.0,14.5,29.0,5216
2015-04-29,264.0,262.0,265.0,14.6,29.0,5216
2015-04-30,258.0,256.0,259.0,14.8,29.0,5216
2015-05-01,252.0,251.0,253.0,15.1,29.0,5216
2015-05-02,248.0,247.0,249.0,15.4,29.0,5216
2015-05-03,246.0,246.0,246.0,15.6,29.0,5216
2015-05-04,246.0,246.0,246.0,14.8,29.0,5216
2015-05-05,246.0,244.0,248.0,14.9,29.0,5216
2015-05-06,240.0,238.0,241.0,15.1,29.0,5216
2015-05-07,236.0,234.0,237.0,15.2,29.0,5216
2015-05-08,230.0,229.0,231.0,15.1,29.0,5216
2015-05-09,229.0,226.0,231.0,15.0,29.0,5216
2015-05-10,237.0,237.0,237.0,15.2,29.0,5216
2015-05-11,236.0,235.0,237.0,15.4,29.0,5216
2015-05-12,232.0,231.0,233.0,15.6,29.0,5216
2015-05-13,228.0,226.0,229.0,15.3,29.0,5216
2015-05-14,222.0,221.0,223.0,15.3,29.0,5216
2015-05-15,219.0,218.0,219.0,15.1,29.0,5216
2015-05-16,219.0,219.0,219.0,15.3,29.0,5216
2015-05-17,220.0,219.0,220.0,15.4,29.0,5216
2015-05-18,226.0,221.0,231.0,15.2,29.0,5216
2015-05-19,246.0,241.0,251.0,15.3,29.0,5216
2015-05-20,263.0,261.0,265.0,15.4,29.0,5216
2015-05-21,272.0,269.0,274.0,15.6,29.0,5216
2015-05-22,284.0,279.0,289.0,15.2,29.0,5216
2015-05-23,301.0,295.0,307.0,15.4,29.0,5216
2015-05-24,323.0,319.0,327.0,15.6,29.0,5216
2015-05-25,330.0,328.0,332.0,15.8,29.0,5216
2015-05-26,317.0,314.0,320.0,15.4,29.0,5216
2015-05-27,306.0,302.0,309.0,15.5,29.0,5216
2015-05-28,293.0,289.0,296.0,15.9,29.0,5216
2015-05-29,279.0,276.0,281.0,16.0,29.0,5216
2015-05-30,267.0,264.0,270.0,16.1,29.0,5216
2015-05-31,260.0,260.0,260.0,16.1,29.0,5216
2015-06-01,259.0,258.0,260.0,16.4,31.0,5216
2015-06-02,257.0,256.0,258.0,16.2,31.0,5216
2015-06-03,259.0,254.0,264.0,15.8,31.0,5216
2015-06-04,278.0,277.0,279.0,17.2,31.0,5216
2015-06-05,274.0,272.0,275.0,17.4,31.0,5216
2015-06-06,269.0,267.0,270.0,17.6,31.0,5216
2015-06-07,267.0,264.0,270.0,17.6,31.0,5216
2015-06-08,284.0,277.0,290.0,17.6,31.0,5216
2015-06-09,311.0,303.0,319.0,17.4,31.0,5216
2015-06-10,331.0,326.0,334.0,17.6,31.0,5216
2015-06-11,339.0,336.0,342.0,17.5,31.0,5216
2015-06-12,355.0,351.0,358.0,17.7,31.0,5216
2015-06-13,365.0,363.0,366.0,17.5,31.0,5216
2015-06-14,368.0,365.0,370.0,17.7,31.0,5216
2015-06-15,359.0,357.0,361.0,17.9,31.0,5216
2015-06-16,350.0,347.0,352.0,18.1,31.0,5216
2015-06-17,338.0,334.0,342.0,18.3,31.0,5216
2015-06-18,322.0,320.0,324.0,18.4,31.0,5216
2015-06-19,312.0,309.0,314.0,18.6,31.0,5216
2015-06-20,302.0,299.0,304.0,18.8,31.0,5216
2015-06-21,290.0,286.0,294.0,18.9,31.0,5216
2015-06-22,276.0,273.0,279.0,19.1,31.0,5216
2015-06-23,265.0,262.0,267.0,19.1,31.0,5216
2015-06-24,256.0,254.0,257.0,19.1,31.0,5216
2015-06-25,250.0,248.0,251.0,19.2,31.0,5216
2015-06-26,245.0,243.0,246.0,19.3,31.0,5216
2015-06-27,239.0,237.0,240.0,19.2,31.0,5216
2015-06-28,234.0,233.0,235.0,19.1,31.0,5216
2015-06-29,229.0,229.0,229.0,19.1,31.0,5216
2015-06-30,227.0,226.0,228.0,18.9,31.0,5216
2015-07-01,224.0,223.0,225.0,,31.0,5216
2015-07-02,220.0,219.0,221.0,,31.0,5216
2015-07-03,217.0,216.0,218.0,,31.0,5216
2015-07-04,215.0,214.0,215.0,,31.0,5216
2015-07-05,213.0,212.0,213.0,,31.0,5216
2015-07-06,212.0,211.0,212.0,,31.0,5216
2015-07-07,210.0,210.0,210.0,,31.0,5216
2015-07-08,209.0,208.0,209.0,,31.0,5216
2015-07-09,207.0,206.0,207.0,,31.0,5216
2015-07-10,205.0,204.0,205.0,,31.0,5216
2015-07-11,203.0,202.0,203.0,,31.0,5216
2015-07-12,201.0,200.0,201.0,,31.0,5216
2015-07-13,222.0,199.0,234.0,,31.0,5216
2015-07-14,252.0,251.0,252.0,,31.0,5216
2015-07-15,272.0,251.0,304.0,,31.0,5216
2015-07-16,330.0,315.0,346.0,,31.0,5216
2015-07-17,359.0,353.0,364.0,,31.0,5216
2015-07-18,377.0,374.0,379.0,,31.0,5216
2015-07-19,377.0,375.0,379.0,,31.0,5216
2015-07-20,366.0,362.0,370.0,,31.0,5216
2015-07-21,350.0,345.0,354.0,,31.0,5216
2015-07-22,330.0,324.0,335.0,,31.0,5216
2015-07-23,306.0,300.0,312.0,,31.0,5216
2015-07-24,282.0,276.0,288.0,,31.0,5216
2015-07-25,262.0,258.0,266.0,,31.0,5216
2015-07-26,248.0,245.0,251.0,,31.0,5216
2015-07-27,238.0,236.0,240.0,,31.0,5216
2015-07-28,232.0,230.0,233.0,,31.0,5216
2015-07-29,226.0,224.0,227.0,,31.0,5216
2015-07-30,221.0,220.0,222.0,,31.0,5216
2015-07-31,215.0,211.0,218.0,,31.0,5216
2015-08-01,215.0,214.0,216.0,,31.0,5216
2015-08-02,213.0,212.0,213.0,,31.0,5216
2015-08-03,211.0,211.0,211.0,,31.0,5216
2015-08-04,211.0,210.0,211.0,,31.0,5216
2015-08-05,210.0,209.0,210.0,,31.0,5216
2015-08-06,209.0,208.0,209.0,,31.0,5216
2015-08-07,207.0,206.0,207.0,,31.0,5216
2015-08-08,205.0,204.0,205.0,,31.0,5216
2015-08-09,206.0,206.0,206.0,,31.0,5216
2015-08-10,207.0,207.0,207.0,,31.0,5216
2015-08-11,210.0,209.0,211.0,,31.0,5216
2015-08-12,213.0,212.0,214.0,,31.0,5216
2015-08-13,220.0,216.0,223.0,,31.0,5216
2015-08-14,247.0,237.0,257.0,,31.0,5216
2015-08-15,295.0,264.0,327.0,,31.0,5216
2015-08-16,335.0,334.0,335.0,,31.0,5216
2015-08-17,327.0,324.0,329.0,,31.0,5216
2015-08-18,317.0,315.0,319.0,,31.0,5216
2015-08-19,308.0,305.0,311.0,,31.0,5216
2015-08-20,297.0,293.0,300.0,,31.0,5216
2015-08-21,286.0,283.0,288.0,,31.0,5216
2015-08-22,294.0,291.0,296.0,,31.0,5216
2015-08-23,376.0,298.0,435.0,,31.0,5216
2015-08-24,427.0,424.0,429.0,,31.0,5216
2015-08-25,415.0,412.0,418.0,,31.0,5216
2015-08-26,405.0,403.0,407.0,,31.0,5216
2015-08-27,401.0,400.0,402.0,,31.0,5216
2015-08-28,415.0,409.0,420.0,,31.0,5216
2015-08-29,427.0,424.0,429.0,,31.0,5216
2015-08-30,509.0,476.0,531.0,,31.0,5216
2015-08-31,463.0,444.0,475.0,,31.0,5216
2015-09-01,435.0,422.0,444.0,,31.0,5216
2015-09-02,411.0,408.0,413.0,,31.0,5216
2015-09-03,400.0,397.0,402.0,,31.0,5216
2015-09-04,390.0,387.0,392.0,,31.0,5216
2015-09-05,380.0,377.0,383.0,,31.0,5216
2015-09-06,370.0,368.0,372.0,,31.0,5216
2015-09-07,361.0,359.0,363.0,,31.0,5216
2015-09-08,355.0,353.0,356.0,,31.0,5216
2015-09-09,347.0,344.0,349.0,,31.0,5216
2015-09-10,336.0,332.0,339.0,,31.0,5216
2015-09-11,323.0,320.0,326.0,,31.0,5216
2015-09-12,311.0,307.0,314.0,,31.0,5216
2015-09-13,298.0,294.0,301.0,,31.0,5216
2015-09-14,285.0,282.0,288.0,,31.0,5216
2015-09-15,274.0,271.0,276.0,,31.0,5216
2015-09-16,264.0,262.0,266.0,,31.0,5216
2015-09-17,256.0,254.0,257.0,,31.0,5216
2015-09-18,249.0,247.0,250.0,,31.0,5216
2015-09-19,243.0,241.0,244.0,,31.0,5216
2015-09-20,238.0,236.0,239.0,,31.0,5216
2015-09-21,233.0,231.0,234.0,,31.0,5216
2015-09-22,228.0,227.0,229.0,,31.0,5216
2015-09-23,225.0,224.0,226.0,,31.0,5216
2015-09-24,222.0,221.0,222.0,,31.0,5216
2015-09-25,220.0,219.0,220.0,,31.0,5216
2015-09-26,218.0,217.0,218.0,,31.0,5216
2015-09-27,216.0,215.0,216.0,,31.0,5216
2015-09-28,214.0,213.0,214.0,,31.0,5216
2015-09-29,212.0,211.0,212.0,,31.0,5216
2015-09-30,210.0,209.0,210.0,,31.0,5216
2015-10-01,210.0,208.0,211.0,,29.0,5216
2015-10-02,214.0,214.0,214.0,,29.0,5216
2015-10-03,214.0,213.0,214.0,,29.0,5216
2015-10-04,213.0,212.0,213.0,,29.0,5216
2015-10-05,213.0,213.0,213.0,,29.0,5216
2015-10-06,215.0,214.0,216.0,,29.0,5216
2015-10-07,219.0,218.0,220.0,,29.0,5216
2015-10-08,222.0,221.0,223.0,,29.0,5216
2015-10-09,224.0,224.0,224.0,,29.0,5216
2015-10-10,225.0,224.0,225.0,,29.0,5216
2015-10-11,221.0,220.0,222.0,,29.0,5216
2015-10-12,218.0,217.0,218.0,,29.0,5216
2015-10-13,215.0,214.0,215.0,,29.0,5216
2015-10-14,214.0,214.0,214.0,,29.0,5216
2015-10-15,216.0,215.0,216.0,,29.0,5216
2015-10-16,217.0,217.0,217.0,,29.0,5216
2015-10-17,218.0,218.0,218.0,,29.0,5216
2015-10-18,218.0,217.0,218.0,,29.0,5216
2015-10-19,216.0,215.0,216.0,,29.0,5216
2015-10-20,213.0,212.0,213.0,,29.0,5216
2015-10-21,211.0,210.0,211.0,,29.0,5216
2015-10-22,209.0,208.0,209.0,,29.0,5216
2015-10-23,207.0,206.0,207.0,,29.0,5216
2015-10-24,206.0,205.0,206.0,,29.0,5216
2015-10-25,204.0,203.0,205.0,,29.0,5216
2015-10-26,203.0,203.0,203.0,,29.0,5216
2015-10-27,205.0,204.0,205.0,,29.0,5216
2015-10-28,205.0,205.0,205.0,,29.0,5216
2015-10-29,205.0,205.0,205.0,,29.0,5216
2015-10-30,205.0,205.0,205.0,,29.0,5216
2015-10-31,208.0,207.0,208.0,,29.0,5216
2015-11-01,212.0,211.0,213.0,2.0,2.29,5216
2015-11-02,220.0,218.0,221.0,2.2,2.29,5216
2015-11-03,224.0,223.0,224.0,2.2,2.29,5216
2015-11-04,223.0,221.0,225.0,3.9,29.0,5216
2015-11-05,216.0,214.0,217.0,5.7,29.0,5216
2015-11-06,212.0,211.0,213.0,3.3,29.0,5216
2015-11-07,209.0,208.0,210.0,1.6,2.0,5216
2015-11-08,207.0,206.0,207.0,1.7,2.0,5216
2015-11-09,205.0,203.0,206.0,1.4,2.0,5216
2015-11-10,204.0,204.0,204.0,1.2,2.0,5216
2015-11-11,204.0,204.0,204.0,0.2,2.0,5216
2015-11-12,204.0,203.0,204.0,0.1,2.0,5216
2015-11-13,204.0,203.0,205.0,0.7,2.0,5216
2015-11-14,204.0,202.0,205.0,1.9,2.0,5216
2015-11-15,200.0,199.0,201.0,2.7,2.0,5216
2015-11-16,198.0,197.0,198.0,1.6,2.0,5216
2015-11-17,197.0,196.0,197.0,1.3,2.0,5216
2015-11-18,196.0,195.0,196.0,0.8,15.0,5216
2015-11-19,194.0,193.0,194.0,0.4,15.0,5216
2015-11-20,192.0,191.0,192.0,0.0,15.0,5216
2015-11-21,189.0,188.0,190.0,0.0,15.0,5216
2015-11-22,188.0,187.0,188.0,0.0,15.0,5216
2015-11-23,187.0,187.0,187.0,0.0,15.0,5216
2015-11-24,187.0,186.0,188.0,0.0,16.0,5216
2015-11-25,191.0,190.0,192.0,0.0,16.0,5216
2015-11-26,192.0,192.0,192.0,0.0,16.0,5216
2015-11-27,192.0,192.0,192.0,0.0,16.0,5216
2015-11-28,191.0,190.0,192.0,0.0,16.0,5216
2015-11-29,190.0,190.0,190.0,0.0,16.0,5216
2015-11-30,190.0,190.0,190.0,0.0,16.0,5216
2015-12-01,190.0,190.0,190.0,,16.0,5216
2015-12-02,190.0,190.0,190.0,,16.0,5216
2015-12-03,191.0,191.0,191.0,,16.0,5216
2015-12-04,192.0,192.0,192.0,,16.0,5216
2015-12-05,193.0,193.0,193.0,,16.0,5216
2015-12-06,194.0,194.0,194.0,,16.0,5216
2015-12-07,195.0,195.0,195.0,,16.0,5216
2015-12-08,195.0,195.0,195.0,,16.0,5216
2015-12-09,195.0,195.0,195.0,,16.0,5216
2015-12-10,195.0,195.0,195.0,,16.0,5216
2015-12-11,195.0,195.0,195.0,,16.0,5216
2015-12-12,194.0,194.0,194.0,,16.0,5216
2015-12-13,193.0,193.0,193.0,,16.0,5216
2015-12-14,192.0,192.0,192.0,,16.0,5216
2015-12-15,192.0,192.0,192.0,,16.0,5216
2015-12-16,192.0,192.0,192.0,,16.0,5216
2015-12-17,191.0,191.0,191.0,,16.0,5216
2015-12-18,191.0,191.0,191.0,,16.0,5216
2015-12-19,190.0,190.0,190.0,,16.0,5216
2015-12-20,189.0,189.0,189.0,,16.0,5216
2015-12-21,188.0,188.0,188.0,,16.0,5216
2015-12-22,188.0,188.0,188.0,,16.0,5216
2015-12-23,187.0,187.0,187.0,,16.0,5216
2015-12-24,187.0,187.0,187.0,,16.0,5216
2015-12-25,186.0,186.0,186.0,,16.0,5216
2015-12-26,186.0,186.0,186.0,,16.0,5216
2015-12-27,185.0,185.0,185.0,,16.0,5216
2015-12-28,185.0,185.0,185.0,,16.0,5216
2015-12-29,185.0,185.0,185.0,,16.0,5216
2015-12-30,185.0,185.0,185.0,,16.0,5216
2015-12-31,185.0,185.0,185.0,,16.0,5216
2016-01-01,184.0,184.0,184.0,,16.0,5216
2016-01-02,184.0,184.0,184.0,,16.0,5216
2016-01-03,184.0,184.0,184.0,,16.0,5216
2016-01-04,183.0,183.0,183.0,,16.0,5216
2016-01-05,183.0,183.0,183.0,,16.0,5216
2016-01-06,183.0,183.0,183.0,,16.0,5216
2016-01-07,182.0,182.0,182.0,,16.0,5216
2016-01-08,182.0,182.0,182.0,,16.0,5216
2016-01-09,182.0,182.0,182.0,,16.0,5216
2016-01-10,182.0,182.0,182.0,,16.0,5216
2016-01-11,181.0,181.0,181.0,,16.0,5216
2016-01-12,181.0,181.0,181.0,,16.0,5216
2016-01-13,181.0,181.0,181.0,,16.0,5216
2016-01-14,181.0,181.0,181.0,,16.0,5216
2016-01-15,181.0,181.0,181.0,,16.0,5216
2016-01-16,180.0,180.0,180.0,,16.0,5216
2016-01-17,180.0,180.0,180.0,,16.0,5216
2016-01-18,180.0,180.0,180.0,,16.0,5216
2016-01-19,180.0,180.0,180.0,,16.0,5216
2016-01-20,180.0,180.0,180.0,,16.0,5216
2016-01-21,179.0,179.0,179.0,,16.0,5216
2016-01-22,179.0,179.0,179.0,,16.0,5216
2016-01-23,178.0,178.0,178.0,,16.0,5216
2016-01-24,178.0,178.0,178.0,,16.0,5216
2016-01-25,177.0,177.0,177.0,,16.0,5216
2016-01-26,177.0,177.0,177.0,,16.0,5216
2016-01-27,176.0,176.0,176.0,,16.0,5216
2016-01-28,176.0,176.0,176.0,,16.0,5216
2016-01-29,176.0,176.0,176.0,,16.0,5216
2016-01-30,175.0,175.0,175.0,,16.0,5216
2016-01-31,175.0,175.0,175.0,,16.0,5216
2016-02-01,175.0,175.0,175.0,,16.0,5216
2016-02-02,175.0,175.0,175.0,,16.0,5216
2016-02-03,175.0,175.0,175.0,,16.0,5216
2016-02-04,175.0,175.0,175.0,,16.0,5216
2016-02-05,175.0,175.0,175.0,,16.33,5216
2016-02-06,174.0,174.0,174.0,,16.33,5216
2016-02-07,174.0,174.0,174.0,,16.33,5216
2016-02-08,174.0,174.0,174.0,,16.33,5216
2016-02-09,174.0,174.0,174.0,,16.33,5216
2016-02-10,174.0,174.0,174.0,,16.33,5216
2016-02-11,174.0,174.0,174.0,,16.33,5216
2016-02-12,174.0,174.0,174.0,,16.33,5216
2016-02-13,175.0,175.0,175.0,,16.33,5216
2016-02-14,175.0,175.0,175.0,,16.33,5216
2016-02-15,175.0,175.0,175.0,,16.33,5216
2016-02-16,175.0,175.0,175.0,,16.33,5216
2016-02-17,174.0,174.0,174.0,,16.33,5216
2016-02-18,174.0,174.0,174.0,,16.33,5216
2016-02-19,174.0,174.0,174.0,,16.33,5216
2016-02-20,174.0,174.0,174.0,,16.33,5216
2016-02-21,173.0,173.0,173.0,,16.33,5216
2016-02-22,173.0,173.0,173.0,,16.33,5216
2016-02-23,173.0,173.0,173.0,,16.33,5216
2016-02-24,173.0,173.0,173.0,,16.33,5216
2016-02-25,173.0,173.0,173.0,,16.33,5216
2016-02-26,173.0,173.0,173.0,,16.33,5216
2016-02-27,173.0,173.0,173.0,,16.33,5216
2016-02-28,173.0,173.0,173.0,,16.33,5216
2016-02-29,173.0,173.0,173.0,,16.33,5216
2016-03-01,166.0,158.0,173.0,0.0,16.33,5216
2016-03-02,157.0,156.0,157.0,0.0,16.33,5216
2016-03-03,155.0,155.0,155.0,0.0,16.33,5216
2016-03-04,154.0,154.0,154.0,0.0,16.33,5216
2016-03-05,154.0,154.0,154.0,0.1,16.33,5216
2016-03-06,157.0,156.0,158.0,0.2,16.33,5216
2016-03-07,159.0,158.0,160.0,0.1,16.33,5216
2016-03-08,173.0,160.0,185.0,0.1,,5216
2016-03-09,210.0,190.0,229.0,0.2,24.16,5216
2016-03-10,279.0,276.0,282.0,0.2,24.16,5216
2016-03-11,259.0,253.0,265.0,0.2,24.16,5216
2016-03-12,241.0,237.0,244.0,0.2,24.16,5216
2016-03-13,236.0,233.0,237.0,0.2,24.16,5216
2016-03-14,269.0,243.0,293.0,0.2,24.16,5216
2016-03-15,304.0,303.0,312.0,0.2,24.16,5216
2016-03-16,316.0,310.0,321.0,0.2,29.0,5216
2016-03-17,326.0,316.0,335.0,0.2,29.0,5216
2016-03-18,349.0,339.0,358.0,0.2,29.0,5216
2016-03-19,383.0,381.0,384.0,0.2,29.0,5216
2016-03-20,378.0,378.0,378.0,0.2,29.0,5216
2016-03-21,366.0,363.0,369.0,0.2,29.0,5216
2016-03-22,357.0,355.0,359.0,0.2,29.0,5216
2016-03-23,347.0,344.0,349.0,0.2,29.0,5216
2016-03-24,333.0,330.0,336.0,0.2,29.0,5216
2016-03-25,316.0,312.0,320.0,0.2,29.0,5216
2016-03-26,297.0,292.0,301.0,0.2,29.0,5216
2016-03-27,280.0,276.0,283.0,0.2,29.0,5216
2016-03-28,266.0,262.0,269.0,0.2,29.0,5216
2016-03-29,256.0,253.0,258.0,0.2,29.0,5216
2016-03-30,249.0,248.0,250.0,0.2,29.0,5216
2016-03-31,245.0,244.0,245.0,0.2,29.0,5216
2016-04-01,245.0,245.0,245.0,,29.0,5216
2016-04-02,247.0,245.0,248.0,,29.0,5216
2016-04-03,252.0,252.0,252.0,,29.0,5216
2016-04-04,250.0,249.0,250.0,,29.0,5216
2016-04-05,248.0,247.0,248.0,,29.0,5216
2016-04-06,246.0,245.0,246.0,,29.0,5216
2016-04-07,245.0,244.0,245.0,,29.0,5216
2016-04-08,245.0,244.0,245.0,,29.0,5216
2016-04-09,242.0,241.0,243.0,,29.0,5216
2016-04-10,235.0,234.0,236.0,,29.0,5216
2016-04-11,229.0,228.0,230.0,,29.0,5216
2016-04-12,225.0,222.0,225.0,,29.0,5216
2016-04-13,225.0,224.0,225.0,,29.0,5216
2016-04-14,224.0,223.0,225.0,,29.0,5216
2016-04-15,228.0,227.0,228.0,,29.0,5216
2016-04-16,237.0,233.0,241.0,,29.0,5216
2016-04-17,260.0,244.0,285.0,,29.0,5216
2016-04-18,316.0,296.0,349.0,,29.0,5216
2016-04-19,366.0,358.0,373.0,,29.0,5216
2016-04-20,379.0,377.0,380.0,,29.0,5216
2016-04-21,367.0,363.0,371.0,,29.0,5216
2016-04-22,355.0,352.0,357.0,,29.0,5216
2016-04-23,345.0,342.0,347.0,,29.0,5216
2016-04-24,335.0,332.0,337.0,,29.0,5216
2016-04-25,324.0,320.0,327.0,,29.0,5216
2016-04-26,318.0,316.0,320.0,,29.0,5216
2016-04-27,312.0,310.0,314.0,,29.0,5216
2016-04-28,304.0,301.0,306.0,,29.0,5216
2016-04-29,293.0,289.0,296.0,,29.0,5216
2016-04-30,280.0,277.0,283.0,,29.0,5216
2016-05-01,273.0,271.0,274.0,,29.0,5216
2016-05-02,269.0,268.0,269.0,,29.0,5216
2016-05-03,270.0,269.0,271.0,,29.0,5216
2016-05-04,272.0,271.0,272.0,,29.0,5216
2016-05-05,270.0,269.0,270.0,,29.0,5216
2016-05-06,270.0,269.0,271.0,,29.0,5216
2016-05-07,283.0,278.0,287.0,,29.0,5216
2016-05-08,301.0,296.0,306.0,,29.0,5216
2016-05-09,311.0,310.0,311.0,,29.0,5216
2016-05-10,305.0,303.0,307.0,,29.0,5216
2016-05-11,296.0,294.0,298.0,,29.0,5216
2016-05-12,289.0,287.0,290.0,,29.0,5216
2016-05-13,282.0,280.0,284.0,,29.0,5216
2016-05-14,273.0,271.0,275.0,,29.0,5216
2016-05-15,266.0,265.0,267.0,,29.0,5216
2016-05-16,269.0,268.0,269.0,,29.0,5216
2016-05-17,270.0,268.0,271.0,,29.0,5216
2016-05-18,281.0,277.0,285.0,,29.0,5216
2016-05-19,297.0,292.0,301.0,,29.0,5216
2016-05-20,317.0,311.0,323.0,,29.0,5216
2016-05-21,332.0,331.0,332.0,,29.0,5216
2016-05-22,324.0,320.0,328.0,,29.0,5216
2016-05-23,307.0,302.0,312.0,,29.0,5216
2016-05-24,288.0,284.0,292.0,,29.0,5216
2016-05-25,272.0,268.0,276.0,,29.0,5216
2016-05-26,259.0,256.0,262.0,,29.0,5216
2016-05-27,249.0,247.0,251.0,,29.0,5216
2016-05-28,240.0,238.0,242.0,,29.0,5216
2016-05-29,234.0,232.0,235.0,,29.0,5216
2016-05-30,231.0,231.0,231.0,,29.0,5216
2016-05-31,233.0,232.0,234.0,,29.0,5216
2016-06-01,237.0,236.0,238.0,,29.0,5216
2016-06-02,239.0,239.0,239.0,,29.0,5216
2016-06-03,240.0,239.0,241.0,,29.0,5216
2016-06-04,247.0,246.0,248.0,,29.0,5216
2016-06-05,251.0,250.0,251.0,,29.0,5216
2016-06-06,255.0,254.0,256.0,,29.0,5216
2016-06-07,258.0,257.0,259.0,,29.0,5216
2016-06-08,262.0,261.0,263.0,,29.0,5216
2016-06-09,265.0,264.0,265.0,,29.0,5216
2016-06-10,265.0,264.0,265.0,,29.0,5216
2016-06-11,262.0,260.0,263.0,,29.0,5216
2016-06-12,256.0,254.0,257.0,,31.0,5216
2016-06-13,248.0,246.0,249.0,,31.0,5216
2016-06-14,240.0,238.0,242.0,,31.0,5216
2016-06-15,233.0,231.0,234.0,,31.0,5216
2016-06-16,230.0,229.0,231.0,,31.0,5216
2016-06-17,236.0,235.0,237.0,,31.0,5216
2016-06-18,241.0,239.0,242.0,,31.0,5216
2016-06-19,249.0,246.0,251.0,,31.0,5216
2016-06-20,258.0,255.0,260.0,,31.0,5216
2016-06-21,272.0,268.0,276.0,,31.0,5216
2016-06-22,294.0,287.0,300.0,,31.0,5216
2016-06-23,312.0,310.0,313.0,,31.0,5216
2016-06-24,311.0,309.0,312.0,,31.0,5216
2016-06-25,306.0,305.0,307.0,,31.0,5216
2016-06-26,302.0,300.0,303.0,,31.0,5216
2016-06-27,315.0,312.0,317.0,,31.0,5216
2016-06-28,331.0,326.0,335.0,,31.0,5216
2016-06-29,342.0,341.0,342.0,,31.0,5216
2016-06-30,342.0,342.0,343.0,,31.0,5216
2016-07-01,346.0,345.0,347.0,,31.0,5216
2016-07-02,344.0,342.0,345.0,,31.0,5216
2016-07-03,335.0,331.0,338.0,,31.0,5216
2016-07-04,318.0,313.0,323.0,,31.0,5216
2016-07-05,298.0,292.0,303.0,,31.0,5216
2016-07-06,278.0,273.0,282.0,,31.0,5216
2016-07-07,263.0,260.0,266.0,,31.0,5216
2016-07-08,253.0,251.0,255.0,,31.0,5216
2016-07-09,252.0,251.0,253.0,,31.0,5216
2016-07-10,253.0,252.0,254.0,,31.0,5216
2016-07-11,252.0,251.0,252.0,,31.0,5216
2016-07-12,251.0,251.0,251.0,,31.0,5216
2016-07-13,251.0,250.0,251.0,,31.0,5216
2016-07-14,263.0,259.0,267.0,,31.0,5216
2016-07-15,285.0,276.0,294.0,,31.0,5216
2016-07-16,323.0,318.0,328.0,,31.0,5216
2016-07-17,326.0,324.0,327.0,,31.0,5216
2016-07-18,325.0,323.0,326.0,,31.0,5216
2016-07-19,338.0,334.0,341.0,,31.0,5216
2016-07-20,342.0,340.0,343.0,,31.0,5216
2016-07-21,330.0,325.0,334.0,,31.0,5216
2016-07-22,311.0,305.0,316.0,,31.0,5216
2016-07-23,293.0,289.0,296.0,,31.0,5216
2016-07-24,277.0,273.0,281.0,,31.0,5216
2016-07-25,265.0,262.0,267.0,,31.0,5216
2016-07-26,258.0,257.0,259.0,,31.0,5216
2016-07-27,256.0,255.0,256.0,,31.0,5216
2016-07-28,255.0,254.0,255.0,,31.0,5216
2016-07-29,256.0,255.0,257.0,,31.0,5216
2016-07-30,258.0,258.0,258.0,,31.0,5216
2016-07-31,258.0,257.0,258.0,,31.0,5216
2016-08-01,257.0,257.0,257.0,,31.0,5216
2016-08-02,250.0,243.0,257.0,,31.0,5216
2016-08-03,242.0,241.0,242.0,,31.0,5216
2016-08-04,237.0,235.0,239.0,,31.0,5216
2016-08-05,232.0,231.0,232.0,,31.0,5216
2016-08-06,230.0,229.0,230.0,,31.0,5216
2016-08-07,229.0,228.0,229.0,,31.0,5216
2016-08-08,227.0,227.0,227.0,,31.0,5216
2016-08-09,226.0,225.0,226.0,,31.0,5216
2016-08-10,223.0,222.0,224.0,,31.0,5216
2016-08-11,219.0,218.0,220.0,,31.0,5216
2016-08-12,217.0,216.0,217.0,,31.0,5216
2016-08-13,215.0,215.0,215.0,,31.0,5216
2016-08-14,216.0,214.0,216.0,,31.0,5216
2016-08-15,215.0,215.0,215.0,,31.0,5216
2016-08-16,217.0,217.0,217.0,,31.0,5216
2016-08-17,222.0,221.0,222.0,,31.0,5216
2016-08-18,225.0,224.0,226.0,,31.0,5216
2016-08-19,233.0,230.0,236.0,,31.0,5216
2016-08-20,248.0,244.0,251.0,,31.0,5216
2016-08-21,259.0,256.0,262.0,,31.0,5216
2016-08-22,265.0,264.0,265.0,,31.0,5216
2016-08-23,268.0,267.0,268.0,,31.0,5216
2016-08-24,267.0,266.0,267.0,,31.0,5216
2016-08-25,264.0,264.0,264.0,,31.0,5216
2016-08-26,266.0,265.0,267.0,,31.0,5216
2016-08-27,275.0,272.0,278.0,,31.0,5216
2016-08-28,282.0,281.0,282.0,,31.0,5216
2016-08-29,279.0,278.0,280.0,,31.0,5216
2016-08-30,282.0,281.0,282.0,,31.0,5216
2016-08-31,300.0,283.0,329.0,,31.0,5216
2016-09-01,357.0,348.0,366.0,,32.0,5216
2016-09-02,376.0,373.0,378.0,,32.0,5216
2016-09-03,394.0,387.0,400.0,,32.0,5216
2016-09-04,404.0,403.0,404.0,,32.0,5216
2016-09-05,402.0,401.0,403.0,,32.0,5216
2016-09-06,401.0,401.0,401.0,,32.0,5216
2016-09-07,404.0,399.0,408.0,,32.0,5216
2016-09-08,417.0,416.0,418.0,,32.0,5216
2016-09-09,413.0,410.0,415.0,,32.0,5216
2016-09-10,405.0,404.0,406.0,,32.0,5216
2016-09-11,402.0,401.0,403.0,,32.0,5216
2016-09-12,398.0,396.0,399.0,,32.0,5216
2016-09-13,391.0,389.0,393.0,,32.0,5216
2016-09-14,382.0,379.0,384.0,,29.0,5216
2016-09-15,371.0,368.0,374.0,,29.0,5216
2016-09-16,359.0,356.0,362.0,,29.0,5216
2016-09-17,349.0,346.0,351.0,,29.0,5216
2016-09-18,338.0,335.0,340.0,,29.0,5216
2016-09-19,330.0,328.0,331.0,,29.0,5216
2016-09-20,323.0,321.0,325.0,,29.0,5216
2016-09-21,316.0,314.0,318.0,,29.0,5216
2016-09-22,309.0,307.0,311.0,,29.0,5216
2016-09-23,302.0,300.0,304.0,,29.0,5216
2016-09-24,294.0,292.0,296.0,,29.0,5216
2016-09-25,285.0,282.0,287.0,,29.0,5216
2016-09-26,275.0,272.0,277.0,,29.0,5216
2016-09-27,266.0,264.0,268.0,,29.0,5216
2016-09-28,259.0,257.0,261.0,,29.0,5216
2016-09-29,253.0,252.0,254.0,,29.0,5216
2016-09-30,249.0,247.0,250.0,,29.0,5216
2016-10-01,245.0,244.0,246.0,,29.0,5216
2016-10-02,242.0,241.0,242.0,,29.0,5216
2016-10-03,242.0,241.0,242.0,,29.0,5216
2016-10-04,242.0,242.0,242.0,,29.0,5216
2016-10-05,242.0,242.0,242.0,,29.0,5216
2016-10-06,241.0,240.0,241.0,,29.0,5216
2016-10-07,238.0,237.0,238.0,,29.0,5216
2016-10-08,241.0,239.0,242.0,,29.0,5216
2016-10-09,244.0,243.0,244.0,,29.0,5216
2016-10-10,249.0,246.0,251.0,,29.0,5216
2016-10-11,259.0,256.0,262.0,,29.0,5216
2016-10-12,269.0,266.0,271.0,,29.0,5216
2016-10-13,275.0,274.0,276.0,,29.0,5216
2016-10-14,279.0,278.0,279.0,,29.0,5216
2016-10-15,277.0,276.0,278.0,,29.0,5216
2016-10-16,270.0,268.0,272.0,,29.0,5216
2016-10-17,262.0,260.0,264.0,,29.0,5216
2016-10-18,256.0,255.0,257.0,,29.0,5216
2016-10-19,251.0,250.0,252.0,,29.0,5216
2016-10-20,248.0,246.0,249.0,,29.0,5216
2016-10-21,243.0,242.0,244.0,,29.0,5216
2016-10-22,240.0,239.0,240.0,,29.0,5216
2016-10-23,238.0,237.0,238.0,,29.0,5216
2016-10-24,235.0,234.0,235.0,,29.0,5216
2016-10-25,233.0,232.0,233.0,,29.0,5216
2016-10-26,231.0,230.0,231.0,,29.0,5216
2016-10-27,229.0,228.0,229.0,,2.29,5216
2016-10-28,228.0,228.0,228.0,,29.0,5216
2016-10-29,228.0,228.0,228.0,,2.29,5216
2016-10-30,227.0,227.0,227.0,,2.29,5216
2016-10-31,227.0,226.0,227.0,,2.0,5216
2016-11-01,225.0,224.0,225.0,0.0,47.15,5216
2016-11-02,222.0,222.0,222.0,0.0,47.15,5216
2016-11-03,219.0,217.0,221.0,0.0,47.15,5216
2016-11-04,212.0,210.0,213.0,0.0,47.15,5216
2016-11-05,208.0,207.0,209.0,0.0,47.15,5216
2016-11-06,213.0,213.0,213.0,0.0,47.15,5216
2016-11-07,212.0,211.0,213.0,0.0,15.0,5216
2016-11-08,211.0,210.0,211.0,0.0,16.0,5216
2016-11-09,210.0,209.0,210.0,0.0,16.0,5216
2016-11-10,209.0,208.0,209.0,0.0,16.0,5216
2016-11-11,211.0,210.0,212.0,0.0,16.0,5216
2016-11-12,213.0,212.0,214.0,0.0,16.0,5216
2016-11-13,214.0,214.0,214.0,0.0,16.0,5216
2016-11-14,214.0,214.0,214.0,0.0,16.0,5216
2016-11-15,215.0,214.0,215.0,0.0,16.0,5216
2016-11-16,215.0,214.0,215.0,0.0,16.0,5216
2016-11-17,215.0,214.0,215.0,0.0,16.0,5216
2016-11-18,216.0,215.0,216.0,0.0,16.0,5216
2016-11-19,216.0,216.0,216.0,0.0,16.0,5216
2016-11-20,216.0,215.0,216.0,0.0,16.0,5216
2016-11-21,214.0,213.0,214.0,0.0,16.0,5216
2016-11-22,213.0,213.0,213.0,0.0,16.0,5216
2016-11-23,215.0,212.0,217.0,0.0,16.0,5216
2016-11-24,217.0,217.0,217.0,0.0,16.0,5216
2016-11-25,217.0,216.0,217.0,0.0,16.0,5216
2016-11-26,215.0,215.0,215.0,0.0,16.0,5216
2016-11-27,215.0,215.0,215.0,0.0,16.0,5216
2016-11-28,213.0,212.0,214.0,0.0,16.0,5216
2016-11-29,209.0,208.0,210.0,0.0,16.0,5216
2016-11-30,206.0,205.0,206.0,0.0,16.0,5216
2016-12-01,205.0,205.0,205.0,,16.0,5216
2016-12-02,203.0,203.0,203.0,,16.0,5216
2016-12-03,202.0,202.0,202.0,,16.0,5216
2016-12-04,202.0,202.0,202.0,,16.0,5216
2016-12-05,202.0,202.0,202.0,,16.0,5216
2016-12-06,202.0,202.0,202.0,,16.0,5216
2016-12-07,202.0,202.0,202.0,,16.0,5216
2016-12-08,202.0,202.0,202.0,,16.0,5216
2016-12-09,202.0,202.0,202.0,,16.0,5216
2016-12-10,202.0,202.0,202.0,,16.0,5216
2016-12-11,201.0,201.0,201.0,,16.0,5216
2016-12-12,201.0,201.0,201.0,,16.0,5216
2016-12-13,201.0,201.0,201.0,,16.0,5216
2016-12-14,201.0,201.0,201.0,,16.0,5216
2016-12-15,201.0,201.0,201.0,,16.0,5216
2016-12-16,201.0,201.0,201.0,,16.0,5216
2016-12-17,201.0,201.0,201.0,,16.0,5216
2016-12-18,201.0,201.0,201.0,,16.0,5216
2016-12-19,201.0,201.0,201.0,,16.0,5216
2016-12-20,201.0,201.0,201.0,,16.0,5216
2016-12-21,201.0,201.0,201.0,,16.0,5216
2016-12-22,201.0,201.0,201.0,,16.0,5216
2016-12-23,201.0,201.0,201.0,,16.0,5216
2016-12-24,200.0,200.0,200.0,,16.0,5216
2016-12-25,200.0,200.0,200.0,,16.0,5216
2016-12-26,198.0,198.0,198.0,,16.0,5216
2016-12-27,196.0,196.0,196.0,,16.0,5216
2016-12-28,194.0,194.0,194.0,,16.0,5216
2016-12-29,192.0,192.0,192.0,,16.0,5216
2016-12-30,190.0,190.0,190.0,,16.0,5216
2016-12-31,188.0,188.0,188.0,,16.0,5216
2017-01-01,188.0,188.0,188.0,,16.0,5216
2017-01-02,187.0,187.0,187.0,,16.0,5216
2017-01-03,187.0,187.0,187.0,,16.0,5216
2017-01-04,187.0,187.0,187.0,,16.0,5216
2017-01-05,186.0,186.0,186.0,,16.0,5216
2017-01-06,186.0,186.0,186.0,,16.0,5216
2017-01-07,186.0,186.0,186.0,,16.0,5216
2017-01-08,186.0,186.0,186.0,,16.0,5216
2017-01-09,186.0,186.0,186.0,,16.0,5216
2017-01-10,186.0,186.0,186.0,,16.0,5216
2017-01-11,185.0,185.0,185.0,,16.0,5216
2017-01-12,185.0,185.0,185.0,,16.0,5216
2017-01-13,185.0,185.0,185.0,,16.0,5216
2017-01-14,185.0,185.0,185.0,,16.0,5216
2017-01-15,185.0,185.0,185.0,,16.0,5216
2017-01-16,185.0,185.0,185.0,,16.0,5216
2017-01-17,185.0,185.0,185.0,,16.0,5216
2017-01-18,185.0,185.0,185.0,,16.0,5216
2017-01-19,185.0,185.0,185.0,,16.0,5216
2017-01-20,185.0,185.0,185.0,,16.0,5216
2017-01-21,185.0,185.0,185.0,,16.0,5216
2017-01-22,183.0,183.0,183.0,,16.0,5216
2017-01-23,183.0,183.0,183.0,,16.0,5216
2017-01-24,181.0,181.0,181.0,,16.0,5216
2017-01-25,180.0,180.0,180.0,,16.0,5216
2017-01-26,180.0,180.0,180.0,,16.0,5216
2017-01-27,180.0,180.0,180.0,,16.0,5216
2017-01-28,180.0,180.0,180.0,,16.33,5216
2017-01-29,180.0,180.0,180.0,,16.33,5216
2017-01-30,178.0,178.0,178.0,,16.33,5216
2017-01-31,175.0,175.0,175.0,,16.33,5216
2017-02-01,175.0,175.0,175.0,,16.33,5216
2017-02-02,175.0,175.0,175.0,,16.33,5216
2017-02-03,175.0,175.0,175.0,,16.33,5216
2017-02-04,174.0,174.0,174.0,,16.33,5216
2017-02-05,174.0,174.0,174.0,,16.33,5216
2017-02-06,174.0,174.0,174.0,,16.33,5216
2017-02-07,174.0,174.0,174.0,,16.33,5216
2017-02-08,173.0,173.0,173.0,,16.33,5216
2017-02-09,173.0,173.0,173.0,,16.33,5216
2017-02-10,173.0,173.0,173.0,,16.33,5216
2017-02-11,173.0,173.0,173.0,,16.33,5216
2017-02-12,173.0,173.0,173.0,,16.33,5216
2017-02-13,172.0,172.0,172.0,,16.33,5216
2017-02-14,172.0,172.0,172.0,,16.33,5216
2017-02-15,172.0,172.0,172.0,,16.33,5216
2017-02-16,171.0,171.0,171.0,,16.33,5216
2017-02-17,171.0,171.0,171.0,,16.33,5216
2017-02-18,171.0,171.0,171.0,,16.33,5216
2017-02-19,171.0,171.0,171.0,,16.33,5216
2017-02-20,170.0,170.0,170.0,,16.33,5216
2017-02-21,170.0,170.0,170.0,,16.33,5216
2017-02-22,170.0,170.0,170.0,,16.33,5216
2017-02-23,170.0,170.0,170.0,,16.33,5216
2017-02-24,170.0,170.0,170.0,,16.33,5216
2017-02-25,170.0,170.0,170.0,,16.33,5216
2017-02-26,170.0,170.0,170.0,,16.33,5216
2017-02-27,171.0,171.0,171.0,,16.33,5216
2017-02-28,173.0,173.0,173.0,,16.33,5216
2017-03-01,174.0,173.0,174.0,0.0,16.0,5216
2017-03-02,174.0,174.0,174.0,0.0,16.0,5216
2017-03-03,175.0,174.0,175.0,0.0,16.0,5216
2017-03-04,175.0,175.0,175.0,0.0,16.0,5216
2017-03-05,175.0,175.0,175.0,0.0,16.0,5216
2017-03-06,175.0,175.0,175.0,0.0,16.0,5216
2017-03-07,176.0,175.0,176.0,0.0,16.0,5216
2017-03-08,177.0,176.0,177.0,0.0,16.0,5216
2017-03-09,178.0,177.0,178.0,0.0,16.0,5216
2017-03-10,179.0,178.0,180.0,0.0,16.0,5216
2017-03-11,181.0,180.0,182.0,0.1,16.47,5216
2017-03-12,184.0,183.0,184.0,0.2,16.47,5216
2017-03-13,188.0,186.0,189.0,0.2,16.47,5216
2017-03-14,190.0,189.0,190.0,0.1,16.47,5216
2017-03-15,194.0,190.0,198.0,0.1,16.47,5216
2017-03-16,208.0,198.0,218.0,0.2,24.16,5216
2017-03-17,239.0,230.0,247.0,0.2,25.16,5216
2017-03-18,261.0,251.0,271.0,0.2,25.16,5216
2017-03-19,289.0,275.0,303.0,0.2,25.16,5216
2017-03-20,335.0,331.0,339.0,0.2,16.0,5216
2017-03-21,344.0,343.0,345.0,0.3,16.0,5216
2017-03-22,349.0,347.0,350.0,0.3,16.0,5216
2017-03-23,349.0,346.0,352.0,0.3,12.0,5216
2017-03-24,339.0,337.0,341.0,0.3,12.0,5216
2017-03-25,330.0,327.0,333.0,0.6,12.0,5216
2017-03-26,321.0,320.0,321.0,0.8,16.0,5216
2017-03-27,282.0,278.0,285.0,1.2,29.0,5216
2017-03-28,268.0,265.0,271.0,0.9,29.0,5216
2017-03-29,259.0,256.0,261.0,1.1,29.0,5216
2017-03-30,251.0,248.0,253.0,0.7,29.0,5216
2017-03-31,243.0,241.0,245.0,1.2,29.0,5216
2017-04-01,236.0,235.0,237.0,1.4,29.0,5216
2017-04-02,231.0,230.0,232.0,1.7,29.0,5216
2017-04-03,232.0,228.0,235.0,2.1,29.0,5216
2017-04-04,251.0,249.0,253.0,3.3,29.0,5216
2017-04-05,256.0,255.0,257.0,4.9,29.0,5216
2017-04-06,258.0,257.0,259.0,5.4,29.0,5216
2017-04-07,255.0,254.0,255.0,5.2,29.0,5216
2017-04-08,252.0,251.0,253.0,5.3,29.0,5216
2017-04-09,251.0,250.0,251.0,5.3,29.0,5216
2017-04-10,254.0,253.0,255.0,5.6,29.0,5216
2017-04-11,258.0,257.0,258.0,5.4,29.0,5216
2017-04-12,257.0,255.0,259.0,4.8,29.0,5216
2017-04-13,247.0,245.0,249.0,5.1,29.0,5216
2017-04-14,238.0,235.0,241.0,5.6,29.0,5216
2017-04-15,230.0,228.0,231.0,6.0,29.0,5216
2017-04-16,225.0,224.0,225.0,6.2,29.0,5216
2017-04-17,221.0,219.0,223.0,6.6,29.0,5216
2017-04-18,214.0,213.0,215.0,6.6,29.0,5216
2017-04-19,209.0,208.0,210.0,6.8,29.0,5216
2017-04-20,209.0,207.0,210.0,6.9,29.0,5216
2017-04-21,215.0,214.0,215.0,7.1,29.0,5216
2017-04-22,216.0,216.0,216.0,7.3,29.0,5216
2017-04-23,223.0,217.0,228.0,7.5,29.0,5216
2017-04-24,239.0,235.0,243.0,8.1,29.0,5216
2017-04-25,251.0,249.0,253.0,9.0,29.0,5216
2017-04-26,259.0,257.0,260.0,9.1,29.0,5216
2017-04-27,261.0,260.0,262.0,9.3,29.0,5216
2017-04-28,261.0,260.0,262.0,9.4,29.0,5216
2017-04-29,260.0,260.0,260.0,9.4,29.0,5216
2017-04-30,260.0,260.0,260.0,9.7,29.0,5216
2017-05-01,259.0,258.0,261.0,,29.0,5216
2017-05-02,256.0,254.0,258.0,,29.0,5216
2017-05-03,251.0,249.0,254.0,,29.0,5216
2017-05-04,247.0,244.0,249.0,,29.0,5216
2017-05-05,242.0,240.0,244.0,,29.0,5216
2017-05-06,237.0,234.0,240.0,,29.0,5216
2017-05-07,231.0,229.0,233.0,,29.0,5216
2017-05-08,226.0,225.0,228.0,,29.0,5216
2017-05-09,223.0,221.0,225.0,,29.0,5216
2017-05-10,221.0,220.0,221.0,,29.0,5216
2017-05-11,219.0,219.0,220.0,,29.0,5216
2017-05-12,218.0,217.0,219.0,,29.0,5216
2017-05-13,216.0,216.0,217.0,,29.0,5216
2017-05-14,217.0,216.0,217.0,,29.0,5216
2017-05-15,218.0,217.0,220.0,,29.0,5216
2017-05-16,224.0,220.0,228.0,,29.0,5216
2017-05-17,237.0,229.0,246.0,,29.0,5216
2017-05-18,259.0,247.0,272.0,,29.0,5216
2017-05-19,285.0,273.0,295.0,,29.0,5216
2017-05-20,301.0,296.0,303.0,,29.0,5216
2017-05-21,299.0,294.0,302.0,,29.0,5216
2017-05-22,287.0,282.0,293.0,,29.0,5216
2017-05-23,277.0,272.0,281.0,,29.0,5216
2017-05-24,267.0,264.0,271.0,,29.0,5216
2017-05-25,264.0,263.0,267.0,,29.0,5216
2017-05-26,274.0,267.0,280.0,,29.0,5216
2017-05-27,289.0,281.0,296.0,,29.0,5216
2017-05-28,302.0,297.0,306.0,,29.0,5216
2017-05-29,306.0,304.0,306.0,,29.0,5216
2017-05-30,300.0,295.0,304.0,,29.0,5216
2017-05-31,289.0,284.0,295.0,,29.0,5216
2017-06-01,278.0,274.0,284.0,,31.0,5216
2017-06-02,269.0,264.0,274.0,,31.0,5216
2017-06-03,259.0,254.0,264.0,,31.0,5216
2017-06-04,249.0,246.0,254.0,,31.0,5216
2017-06-05,243.0,241.0,245.0,,31.0,5216
2017-06-06,242.0,241.0,243.0,,31.0,5216
2017-06-07,248.0,244.0,252.0,,31.0,5216
2017-06-08,258.0,253.0,261.0,,31.0,5216
2017-06-09,262.0,261.0,263.0,,31.0,5216
2017-06-10,260.0,258.0,262.0,,31.0,5216
2017-06-11,254.0,251.0,257.0,,31.0,5216
2017-06-12,249.0,249.0,250.0,,31.0,5216
2017-06-13,253.0,249.0,257.0,,31.0,5216
2017-06-14,265.0,258.0,273.0,,31.0,5216
2017-06-15,282.0,274.0,289.0,,31.0,5216
2017-06-16,294.0,290.0,296.0,,31.0,5216
2017-06-17,291.0,286.0,295.0,,31.0,5216
2017-06-18,279.0,273.0,285.0,,31.0,5216
2017-06-19,266.0,260.0,272.0,,31.0,5216
2017-06-20,255.0,252.0,260.0,,31.0,5216
2017-06-21,249.0,246.0,252.0,,31.0,5216
2017-06-22,244.0,242.0,246.0,,31.0,5216
2017-06-23,240.0,238.0,242.0,,31.0,5216
2017-06-24,236.0,234.0,238.0,,31.0,5216
2017-06-25,235.0,234.0,236.0,,31.0,5216
2017-06-26,231.0,229.0,233.0,,31.0,5216
2017-06-27,227.0,224.0,229.0,,31.0,5216
2017-06-28,222.0,220.0,224.0,,31.0,5216
2017-06-29,217.0,216.0,219.0,,31.0,5216
2017-06-30,213.0,212.0,215.0,,31.0,5216
2017-07-01,211.0,210.0,211.0,,31.0,5216
2017-07-02,209.0,207.0,210.0,,31.0,5216
2017-07-03,206.0,205.0,207.0,,31.0,5216
2017-07-04,204.0,204.0,205.0,,31.0,5216
2017-07-05,204.0,204.0,204.0,,31.0,5216
2017-07-06,205.0,204.0,206.0,,31.0,5216
2017-07-07,206.0,206.0,207.0,,31.0,5216
2017-07-08,207.0,206.0,207.0,,31.0,5216
2017-07-09,206.0,206.0,207.0,,31.0,5216
2017-07-10,204.0,203.0,205.0,,31.0,5216
2017-07-11,203.0,202.0,204.0,,31.0,5216
2017-07-12,200.0,199.0,202.0,,31.0,5216
2017-07-13,198.0,198.0,199.0,,31.0,5216
2017-07-14,197.0,197.0,198.0,,31.0,5216
2017-07-15,196.0,195.0,198.0,,31.0,5216
2017-07-16,195.0,195.0,196.0,,31.0,5216
2017-07-17,194.0,194.0,195.0,,31.0,5216
2017-07-18,194.0,193.0,194.0,,31.0,5216
2017-07-19,194.0,193.0,196.0,,31.0,5216
2017-07-20,199.0,195.0,205.0,,31.0,5216
2017-07-21,228.0,205.0,241.0,,31.0,5216
2017-07-22,251.0,241.0,265.0,,31.0,5216
2017-07-23,278.0,266.0,288.0,,31.0,5216
2017-07-24,301.0,289.0,312.0,,31.0,5216
2017-07-25,328.0,314.0,340.0,,31.32,5216
2017-07-26,349.0,341.0,354.0,,32.0,5216
2017-07-27,352.0,348.0,354.0,,32.0,5216
2017-07-28,340.0,331.0,347.0,,31.32,5216
2017-07-29,318.0,306.0,330.0,,31.0,5216
2017-07-30,291.0,277.0,305.0,,31.0,5216
2017-07-31,266.0,257.0,276.0,,31.0,5216
2017-08-01,249.0,243.0,256.0,,31.0,5216
2017-08-02,239.0,236.0,243.0,,31.0,5216
2017-08-03,233.0,232.0,236.0,,31.0,5216
2017-08-04,230.0,228.0,231.0,,31.0,5216
2017-08-05,226.0,225.0,228.0,,31.0,5216
2017-08-06,224.0,223.0,225.0,,31.0,5216
2017-08-07,257.0,223.0,293.0,,31.0,5216
2017-08-08,294.0,292.0,304.0,,31.0,5216
2017-08-09,367.0,307.0,418.0,,32.0,5216
2017-08-10,418.0,412.0,422.0,,32.0,5216
2017-08-11,405.0,400.0,412.0,,32.0,5216
2017-08-12,393.0,388.0,399.0,,32.0,5216
2017-08-13,380.0,374.0,387.0,,32.0,5216
2017-08-14,366.0,360.0,373.0,,32.0,5216
2017-08-15,352.0,345.0,359.0,,32.0,5216
2017-08-16,337.0,330.0,345.0,,31.0,5216
2017-08-17,322.0,314.0,330.0,,31.0,5216
2017-08-18,306.0,300.0,314.0,,31.0,5216
2017-08-19,292.0,285.0,299.0,,31.0,5216
2017-08-20,279.0,273.0,285.0,,31.0,5216
2017-08-21,268.0,263.0,272.0,,31.0,5216
2017-08-22,259.0,255.0,263.0,,31.0,5216
2017-08-23,252.0,250.0,255.0,,31.0,5216
2017-08-24,247.0,245.0,250.0,,31.0,5216
2017-08-25,243.0,240.0,245.0,,31.0,5216
2017-08-26,238.0,235.0,240.0,,31.0,5216
2017-08-27,232.0,230.0,235.0,,31.0,5216
2017-08-28,227.0,226.0,230.0,,31.0,5216
2017-08-29,224.0,222.0,225.0,,31.0,5216
2017-08-30,220.0,219.0,222.0,,31.0,5216
2017-08-31,217.0,216.0,219.0,,31.0,5216
2017-09-01,215.0,213.0,216.0,,31.0,5216
2017-09-02,212.0,211.0,213.0,,31.0,5216
2017-09-03,209.0,208.0,211.0,,31.0,5216
2017-09-04,207.0,206.0,208.0,,31.0,5216
2017-09-05,205.0,204.0,206.0,,31.0,5216
2017-09-06,203.0,202.0,205.0,,31.0,5216
2017-09-07,201.0,200.0,202.0,,31.0,5216
2017-09-08,199.0,199.0,200.0,,31.0,5216
2017-09-09,198.0,196.0,199.0,,31.0,5216
2017-09-10,196.0,196.0,196.0,,31.0,5216
2017-09-11,195.0,195.0,196.0,,31.0,5216
2017-09-12,194.0,192.0,195.0,,31.0,5216
2017-09-13,191.0,191.0,192.0,,31.0,5216
2017-09-14,191.0,191.0,191.0,,31.0,5216
2017-09-15,190.0,190.0,191.0,,31.0,5216
2017-09-16,190.0,190.0,191.0,,31.0,5216
2017-09-17,193.0,191.0,195.0,,31.0,5216
2017-09-18,197.0,195.0,200.0,,31.0,5216
2017-09-19,202.0,200.0,203.0,,31.0,5216
2017-09-20,202.0,202.0,203.0,,31.0,5216
2017-09-21,200.0,199.0,202.0,,31.0,5216
2017-09-22,198.0,198.0,199.0,,31.0,5216
2017-09-23,200.0,198.0,202.0,,31.0,5216
2017-09-24,203.0,202.0,205.0,,31.0,5216
2017-09-25,206.0,204.0,207.0,,31.0,5216
2017-09-26,207.0,207.0,208.0,,31.0,5216
2017-09-27,207.0,207.0,208.0,,31.0,5216
2017-09-28,206.0,204.0,207.0,,31.0,5216
2017-09-29,203.0,202.0,204.0,,31.0,5216
2017-09-30,200.0,199.0,202.0,,31.0,5216
2017-10-01,198.0,197.0,199.0,,31.0,5216
2017-10-02,196.0,195.0,197.0,,31.0,5216
2017-10-03,194.0,193.0,195.0,,31.0,5216
2017-10-04,192.0,192.0,193.0,,31.0,5216
2017-10-05,191.0,191.0,192.0,,31.0,5216
2017-10-06,190.0,190.0,191.0,,31.0,5216
2017-10-07,190.0,190.0,190.0,,31.0,5216
2017-10-08,189.0,189.0,190.0,,31.0,5216
2017-10-09,189.0,188.0,189.0,,31.0,5216
2017-10-10,188.0,188.0,188.0,,31.0,5216
2017-10-11,188.0,187.0,188.0,,31.0,5216
2017-10-12,188.0,188.0,188.0,,31.0,5216
2017-10-13,188.0,188.0,188.0,,31.0,5216
2017-10-14,188.0,188.0,188.0,,31.32,5216
2017-10-15,188.0,187.0,188.0,,32.0,5216
2017-10-16,188.0,187.0,188.0,,32.0,5216
2017-10-17,188.0,188.0,188.0,,32.0,5216
2017-10-18,188.0,188.0,189.0,,32.0,5216
2017-10-19,189.0,188.0,189.0,,32.0,5216
2017-10-20,189.0,189.0,190.0,,32.0,5216
2017-10-21,190.0,190.0,191.0,,32.0,5216
2017-10-22,190.0,189.0,190.0,,32.0,5216
2017-10-23,189.0,189.0,189.0,,32.0,5216
2017-10-24,189.0,189.0,189.0,,32.0,5216
2017-10-25,189.0,189.0,189.0,,32.0,5216
2017-10-26,189.0,189.0,189.0,,32.0,5216
2017-10-27,190.0,189.0,191.0,,32.0,5216
2017-10-28,191.0,190.0,191.0,,32.0,5216
2017-10-29,191.0,190.0,191.0,,32.0,5216
2017-10-30,191.0,190.0,191.0,,32.0,5216
2017-10-31,190.0,190.0,191.0,,32.0,5216
2017-11-01,190.0,190.0,191.0,,29.0,5216
2017-11-02,191.0,190.0,191.0,,29.0,5216
2017-11-03,191.0,191.0,191.0,,29.0,5216
2017-11-04,191.0,190.0,191.0,,15.0,5216
2017-11-05,191.0,190.0,191.0,,15.29,5216
2017-11-06,191.0,190.0,191.0,,29.0,5216
2017-11-07,190.0,190.0,191.0,,29.0,5216
2017-11-08,191.0,190.0,191.0,,29.0,5216
2017-11-09,190.0,190.0,190.0,,29.0,5216
2017-11-10,190.0,190.0,191.0,,29.0,5216
2017-11-11,192.0,191.0,192.0,,29.0,5216
2017-11-12,193.0,192.0,193.0,,2.29,5216
2017-11-13,195.0,194.0,195.0,,2.29,5216
2017-11-14,197.0,196.0,197.0,,15.0,5216
2017-11-15,199.0,196.0,202.0,,15.0,5216
2017-11-16,198.0,195.0,202.0,,16.0,5216
2017-11-17,198.0,197.0,198.0,,16.0,5216
2017-11-18,197.0,196.0,198.0,,16.0,5216
2017-11-19,194.0,194.0,195.0,,16.0,5216
2017-11-20,193.0,192.0,193.0,,16.0,5216
2017-11-21,191.0,190.0,191.0,,16.0,5216
2017-11-22,189.0,189.0,189.0,,16.0,5216
2017-11-23,187.0,187.0,188.0,,16.0,5216
2017-11-24,186.0,186.0,186.0,,16.0,5216
2017-11-25,186.0,186.0,186.0,,16.0,5216
2017-11-26,185.0,185.0,185.0,,16.0,5216
2017-11-27,184.0,184.0,185.0,,16.0,5216
2017-11-28,184.0,183.0,184.0,,16.0,5216
2017-11-29,184.0,183.0,184.0,,16.0,5216
2017-11-30,183.0,183.0,183.0,,16.0,5216
2017-12-01,183.0,183.0,183.0,,16.0,5216
2017-12-02,183.0,183.0,183.0,,16.0,5216
2017-12-03,183.0,183.0,183.0,,16.0,5216
2017-12-04,183.0,183.0,183.0,,16.0,5216
2017-12-05,183.0,183.0,183.0,,16.0,5216
2017-12-06,183.0,183.0,183.0,,16.0,5216
2017-12-07,183.0,183.0,183.0,,16.0,5216
2017-12-08,183.0,183.0,183.0,,16.0,5216
2017-12-09,183.0,183.0,183.0,,16.0,5216
2017-12-10,183.0,183.0,183.0,,16.0,5216
2017-12-11,183.0,183.0,183.0,,16.0,5216
2017-12-12,183.0,183.0,183.0,,16.0,5216
2017-12-13,183.0,183.0,183.0,,16.0,5216
2017-12-14,183.0,183.0,183.0,,16.0,5216
2017-12-15,183.0,183.0,183.0,,16.0,5216
2017-12-16,183.0,183.0,183.0,,16.0,5216
2017-12-17,183.0,183.0,183.0,,16.0,5216
2017-12-18,183.0,183.0,183.0,,16.0,5216
2017-12-19,183.0,183.0,183.0,,16.0,5216
2017-12-20,183.0,183.0,183.0,,16.0,5216
2017-12-21,183.0,183.0,183.0,,16.0,5216
2017-12-22,183.0,183.0,183.0,,16.0,5216
2017-12-23,183.0,183.0,183.0,,16.0,5216
2017-12-24,183.0,183.0,183.0,,16.0,5216
2017-12-25,183.0,183.0,183.0,,16.0,5216
2017-12-26,183.0,183.0,183.0,,16.0,5216
2017-12-27,183.0,183.0,183.0,,16.0,5216
2017-12-28,183.0,183.0,183.0,,16.0,5216
2017-12-29,183.0,183.0,183.0,,16.0,5216
2017-12-30,183.0,183.0,183.0,,16.0,5216
2017-12-31,183.0,183.0,183.0,,16.0,5216
2018-01-01,,,,,16.0,5216
2018-01-02,,,,,16.0,5216
2018-01-03,,,,,16.0,5216
2018-01-04,,,,,16.33,5216
2018-01-05,,,,,16.33,5216
2018-01-06,,,,,16.33,5216
2018-01-07,,,,,16.33,5216
2018-01-08,,,,,16.33,5216
2018-01-09,,,,,16.33,5216
2018-01-10,,,,,16.33,5216
2018-01-11,,,,,16.33,5216
2018-01-12,,,,,16.33,5216
2018-01-13,,,,,16.33,5216
2018-01-14,,,,,16.33,5216
2018-01-15,,,,,16.33,5216
2018-01-16,,,,,16.33,5216
2018-01-17,,,,,16.33,5216
2018-01-18,,,,,16.33,5216
2018-01-19,,,,,16.33,5216
2018-01-20,,,,,16.33,5216
2018-01-21,,,,,16.33,5216
2018-01-22,,,,,16.33,5216
2018-01-23,,,,,16.33,5216
2018-01-24,,,,,16.33,5216
2018-01-25,,,,,16.33,5216
2018-01-26,,,,,16.33,5216
2018-01-27,,,,,16.33,5216
2018-01-28,,,,,16.33,5216
2018-01-29,,,,,16.33,5216
2018-01-30,,,,,16.33,5216
2018-01-31,,,,,16.33,5216
2018-02-01,,,,,16.33,5216
2018-02-02,,,,,16.33,5216
2018-02-03,,,,,16.33,5216
2018-02-04,,,,,16.33,5216
2018-02-05,,,,,16.33,5216
2018-02-06,,,,,16.33,5216
2018-02-07,,,,,16.33,5216
2018-02-08,,,,,16.33,5216
2018-02-09,,,,,16.33,5216
2018-02-10,,,,,16.33,5216
2018-02-11,,,,,16.33,5216
2018-02-12,,,,,16.33,5216
2018-02-13,,,,,16.33,5216
2018-02-14,,,,,16.33,5216
2018-02-15,,,,,16.33,5216
2018-02-16,,,,,16.33,5216
2018-02-17,,,,,16.33,5216
2018-02-18,,,,,16.33,5216
2018-02-19,,,,,16.33,5216
2018-02-20,,,,,16.33,5216
2018-02-21,,,,,16.33,5216
2018-02-22,,,,,16.33,5216
2018-02-23,,,,,16.33,5216
2018-02-24,,,,,16.33,5216
2018-02-25,,,,,16.33,5216
2018-02-26,,,,,16.33,5216
2018-02-27,,,,,16.33,5216
2018-02-28,,,,,16.33,5216
2018-03-01,,,,,16.33,5216
2018-03-02,,,,,16.33,5216
2018-03-03,,,,,16.33,5216
2018-03-04,,,,,16.33,5216
2018-03-05,,,,,16.33,5216
2018-03-06,,,,,16.33,5216
2018-03-07,,,,,16.33,5216
2018-03-08,,,,,16.33,5216
2018-03-09,,,,,16.33,5216
2018-03-10,,,,,16.33,5216
2018-03-11,,,,,16.33,5216
2018-03-12,,,,,16.33,5216
2018-03-13,,,,,16.33,5216
2018-03-14,,,,,16.33,5216
2018-03-15,,,,,16.33,5216
2018-03-16,,,,,16.33,5216
2018-03-17,,,,,16.33,5216
2018-03-18,,,,,16.33,5216
2018-03-19,,,,,,5216
2018-03-20,,,,,,5216
2018-03-21,,,,,,5216
2018-03-22,,,,,16.47,5216
2018-03-23,,,,,16.47,5216
2018-03-24,,,,,24.16,5216
2018-03-25,,,,,24.16,5216
2018-03-26,,,,,24.16,5216
2018-03-27,,,,,25.16,5216
2018-03-28,,,,,25.16,5216
2018-03-29,,,,,25.16,5216
2018-03-30,,,,,25.0,5216
2018-03-31,,,,,9.25,5216
2018-04-01,,,,,8.0,5216
2018-04-02,,,,,29.0,5216
2018-04-03,,,,,29.0,5216
2018-04-04,,,,,,5216
2018-04-05,,,,,2.0,5216
2018-04-06,,,,,29.0,5216
2018-04-07,,,,,,5216
2018-04-08,,,,,,5216
2018-04-09,,,,,29.0,5216
2018-04-10,,,,,29.0,5216
2018-04-11,,,,,29.0,5216
2018-04-12,210.0,210.0,210.0,,29.0,5216
2018-04-13,217.0,212.0,222.0,,29.0,5216
2018-04-14,231.0,222.0,241.0,,29.0,5216
2018-04-15,254.0,242.0,266.0,,29.0,5216
2018-04-16,266.0,263.0,270.0,,29.0,5216
2018-04-17,260.0,256.0,263.0,,29.0,5216
2018-04-18,254.0,252.0,256.0,,29.0,5216
2018-04-19,250.0,249.0,252.0,,29.0,5216
2018-04-20,248.0,247.0,249.0,,29.0,5216
2018-04-21,245.0,242.0,247.0,,29.0,5216
2018-04-22,237.0,233.0,242.0,,29.0,5216
2018-04-23,230.0,227.0,233.0,,29.0,5216
2018-04-24,225.0,223.0,227.0,,29.0,5216
2018-04-25,221.0,219.0,223.0,,29.0,5216
2018-04-26,216.0,214.0,218.0,,29.0,5216
2018-04-27,211.0,210.0,214.0,,29.0,5216
2018-04-28,208.0,207.0,210.0,,29.0,5216
2018-04-29,206.0,206.0,207.0,,29.0,5216
2018-04-30,206.0,206.0,207.0,,29.0,5216
2018-05-01,205.0,204.0,206.0,,29.0,5216
2018-05-02,203.0,202.0,204.0,,29.0,5216
2018-05-03,219.0,203.0,245.0,,29.0,5216
2018-05-04,274.0,247.0,305.0,,29.0,5216
2018-05-05,355.0,310.0,386.0,,29.0,5216
2018-05-06,377.0,369.0,386.0,,29.0,5216
2018-05-07,363.0,358.0,369.0,,29.0,5216
2018-05-08,351.0,345.0,357.0,,29.0,5216
2018-05-09,339.0,333.0,345.0,,29.0,5216
2018-05-10,325.0,317.0,333.0,,29.0,5216
2018-05-11,308.0,299.0,316.0,,29.0,5216
2018-05-12,288.0,280.0,298.0,,29.0,5216
2018-05-13,272.0,267.0,279.0,,29.0,5216
2018-05-14,261.0,257.0,266.0,,29.0,5216
2018-05-15,252.0,249.0,256.0,,29.0,5216
2018-05-16,244.0,240.0,248.0,,29.0,5216
2018-05-17,236.0,233.0,240.0,,29.0,5216
2018-05-18,231.0,229.0,233.0,,31.0,5216
2018-05-19,227.0,226.0,229.0,,31.0,5216
2018-05-20,224.0,223.0,226.0,,31.0,5216
2018-05-21,222.0,221.0,222.0,,31.0,5216
2018-05-22,222.0,221.0,223.0,,31.0,5216
2018-05-23,228.0,223.0,231.0,,31.0,5216
2018-05-24,231.0,230.0,232.0,,31.0,5216
2018-05-25,230.0,228.0,232.0,,31.0,5216
2018-05-26,225.0,224.0,228.0,,31.0,5216
2018-05-27,223.0,223.0,224.0,,31.0,5216
2018-05-28,226.0,223.0,229.0,,31.0,5216
2018-05-29,232.0,230.0,235.0,,31.0,5216
2018-05-30,236.0,235.0,236.0,,31.0,5216
2018-05-31,235.0,233.0,236.0,,31.0,5216
2018-06-01,230.0,228.0,233.0,,31.0,5216
2018-06-02,225.0,223.0,227.0,,31.0,5216
2018-06-03,221.0,220.0,223.0,,31.0,5216
2018-06-04,218.0,216.0,220.0,,31.0,5216
2018-06-05,215.0,213.0,216.0,,31.0,5216
2018-06-06,211.0,211.0,213.0,,31.0,5216
2018-06-07,213.0,212.0,213.0,,31.0,5216
2018-06-08,213.0,213.0,213.0,,31.0,5216
2018-06-09,213.0,212.0,213.0,,31.0,5216
2018-06-10,214.0,212.0,215.0,,31.0,5216
2018-06-11,220.0,216.0,225.0,,31.0,5216
2018-06-12,232.0,225.0,239.0,,31.0,5216
2018-06-13,246.0,240.0,251.0,,31.0,5216
2018-06-14,255.0,251.0,257.0,,31.0,5216
2018-06-15,256.0,254.0,257.0,,31.0,5216
2018-06-16,249.0,244.0,254.0,,31.0,5216
2018-06-17,237.0,231.0,243.0,,31.0,5216
2018-06-18,226.0,221.0,231.0,,31.0,5216
2018-06-19,217.0,214.0,221.0,,31.0,5216
2018-06-20,212.0,212.0,214.0,,31.0,5216
2018-06-21,211.0,210.0,212.0,,31.0,5216
2018-06-22,209.0,208.0,210.0,,31.0,5216
2018-06-23,207.0,206.0,207.0,,31.0,5216
2018-06-24,206.0,206.0,206.0,,31.0,5216
2018-06-25,207.0,206.0,209.0,,31.0,5216
2018-06-26,211.0,209.0,215.0,,31.0,5216
2018-06-27,218.0,215.0,221.0,,31.0,5216
2018-06-28,222.0,221.0,223.0,,31.0,5216
2018-06-29,222.0,221.0,223.0,,31.0,5216
2018-06-30,220.0,218.0,221.0,,31.0,5216
2018-07-01,218.0,217.0,218.0,,31.0,5216
2018-07-02,218.0,217.0,225.0,,31.0,5216
2018-07-03,231.0,226.0,233.0,,31.0,5216
2018-07-04,236.0,233.0,237.0,,31.0,5216
2018-07-05,240.0,238.0,242.0,,31.0,5216
2018-07-06,243.0,242.0,244.0,,31.0,5216
2018-07-07,247.0,245.0,249.0,,31.0,5216
2018-07-08,252.0,249.0,255.0,,31.0,5216
2018-07-09,258.0,255.0,260.0,,31.0,5216
2018-07-10,260.0,258.0,260.0,,31.0,5216
2018-07-11,255.0,251.0,258.0,,31.0,5216
2018-07-12,248.0,247.0,251.0,,31.0,5216
2018-07-13,243.0,240.0,246.0,,31.0,5216
2018-07-14,237.0,234.0,240.0,,31.0,5216
2018-07-15,232.0,231.0,234.0,,31.0,5216
2018-07-16,232.0,231.0,233.0,,31.0,5216
2018-07-17,237.0,233.0,240.0,,31.0,5216
2018-07-18,245.0,241.0,250.0,,31.0,5216
2018-07-19,254.0,250.0,258.0,,31.0,5216
2018-07-20,260.0,258.0,261.0,,31.0,5216
2018-07-21,261.0,261.0,262.0,,31.0,5216
2018-07-22,262.0,261.0,262.0,,31.0,5216
2018-07-23,259.0,257.0,261.0,,31.0,5216
2018-07-24,255.0,252.0,257.0,,31.0,5216
2018-07-25,248.0,244.0,252.0,,31.0,5216
2018-07-26,240.0,236.0,244.0,,31.0,5216
2018-07-27,232.0,229.0,236.0,,31.0,5216
2018-07-28,226.0,223.0,229.0,,31.0,5216
2018-07-29,220.0,217.0,223.0,,31.0,5216
2018-07-30,215.0,213.0,217.0,,31.0,5216
2018-07-31,211.0,209.0,212.0,,31.0,5216
2018-08-01,208.0,206.0,209.0,,31.0,5216
2018-08-02,205.0,203.0,206.0,,31.0,5216
2018-08-03,202.0,201.0,203.0,,31.0,5216
2018-08-04,204.0,200.0,212.0,,31.0,5216
2018-08-05,219.0,213.0,224.0,,31.0,5216
2018-08-06,231.0,224.0,240.0,,31.0,5216
2018-08-07,255.0,242.0,263.0,,31.0,5216
2018-08-08,273.0,264.0,284.0,,31.0,5216
2018-08-09,301.0,285.0,315.0,,31.0,5216
2018-08-10,327.0,316.0,335.0,,32.0,5216
2018-08-11,340.0,336.0,342.0,,32.0,5216
2018-08-12,342.0,341.0,342.0,,32.0,5216
2018-08-13,340.0,338.0,341.0,,32.0,5216
2018-08-14,336.0,335.0,338.0,,31.0,5216
2018-08-15,340.0,334.0,345.0,,31.0,5216
2018-08-16,358.0,345.0,374.0,,32.0,5216
2018-08-17,381.0,375.0,382.0,,32.0,5216
2018-08-18,384.0,382.0,385.0,,32.0,5216
2018-08-19,387.0,385.0,388.0,,32.0,5216
2018-08-20,388.0,387.0,389.0,,32.0,5216
2018-08-21,384.0,381.0,387.0,,32.0,5216
2018-08-22,375.0,370.0,380.0,,32.0,5216
2018-08-23,368.0,367.0,370.0,,32.0,5216
2018-08-24,376.0,366.0,389.0,,32.0,5216
2018-08-25,413.0,390.0,427.0,,32.0,5216
2018-08-26,437.0,427.0,450.0,,32.0,5216
2018-08-27,446.0,438.0,451.0,,32.0,5216
2018-08-28,428.0,422.0,437.0,,32.0,5216
2018-08-29,417.0,412.0,422.0,,32.0,5216
2018-08-30,408.0,405.0,412.0,,32.0,5216
2018-08-31,401.0,398.0,404.0,,32.0,5216
2018-09-01,395.0,392.0,398.0,,32.0,5216
2018-09-02,393.0,392.0,394.0,,32.0,5216
2018-09-03,394.0,393.0,394.0,,32.0,5216
2018-09-04,395.0,394.0,396.0,,32.0,5216
2018-09-05,398.0,396.0,399.0,,32.0,5216
2018-09-06,393.0,392.0,396.0,,32.0,5216
2018-09-07,396.0,393.0,397.0,,32.0,5216
2018-09-08,397.0,395.0,397.0,,32.0,5216
2018-09-09,392.0,390.0,395.0,,32.0,5216
2018-09-10,385.0,381.0,389.0,,32.0,5216
2018-09-11,375.0,369.0,380.0,,32.0,5216
2018-09-12,363.0,357.0,369.0,,32.0,5216
2018-09-13,351.0,345.0,357.0,,32.0,5216
2018-09-14,337.0,330.0,344.0,,32.0,5216
2018-09-15,322.0,316.0,330.0,,31.32,5216
2018-09-16,307.0,300.0,315.0,,31.0,5216
2018-09-17,293.0,288.0,299.0,,31.0,5216
2018-09-18,284.0,282.0,288.0,,31.0,5216
2018-09-19,281.0,280.0,282.0,,31.0,5216
2018-09-20,280.0,279.0,280.0,,31.0,5216
2018-09-21,277.0,275.0,279.0,,31.0,5216
2018-09-22,271.0,267.0,275.0,,31.0,5216
2018-09-23,262.0,258.0,267.0,,31.0,5216
2018-09-24,254.0,251.0,258.0,,31.0,5216
2018-09-25,247.0,245.0,250.0,,31.0,5216
2018-09-26,242.0,240.0,244.0,,31.0,5216
2018-09-27,238.0,237.0,240.0,,31.0,5216
2018-09-28,236.0,235.0,237.0,,31.0,5216
2018-09-29,235.0,234.0,235.0,,31.0,5216
2018-09-30,233.0,232.0,234.0,,31.0,5216
2018-10-01,231.0,230.0,232.0,,31.0,5216
2018-10-02,229.0,228.0,230.0,,31.0,5216
2018-10-03,226.0,225.0,227.0,,31.0,5216
2018-10-04,224.0,223.0,225.0,,29.0,5216
2018-10-05,222.0,221.0,223.0,,29.0,5216
2018-10-06,221.0,220.0,221.0,,29.0,5216
2018-10-07,220.0,219.0,221.0,,29.0,5216
2018-10-08,218.0,217.0,219.0,,29.0,5216
2018-10-09,217.0,216.0,217.0,,29.0,5216
2018-10-10,217.0,215.0,219.0,,29.0,5216
2018-10-11,221.0,219.0,223.0,,29.0,5216
2018-10-12,224.0,223.0,225.0,,29.0,5216
2018-10-13,227.0,225.0,230.0,,29.0,5216
2018-10-14,236.0,231.0,242.0,,29.0,5216
2018-10-15,250.0,242.0,258.0,,29.0,5216
2018-10-16,269.0,259.0,277.0,,29.0,5216
2018-10-17,284.0,278.0,287.0,,29.0,5216
2018-10-18,284.0,280.0,287.0,,29.0,5216
2018-10-19,273.0,267.0,280.0,,29.0,5216
2018-10-20,260.0,255.0,266.0,,29.0,5216
2018-10-21,249.0,245.0,254.0,,29.0,5216
2018-10-22,240.0,233.0,245.0,,29.0,5216
2018-10-23,231.0,230.0,233.0,,29.0,5216
2018-10-24,234.0,233.0,235.0,,29.0,5216
2018-10-25,240.0,235.0,251.0,,29.0,5216
2018-10-26,271.0,252.0,290.0,,29.0,5216
2018-10-27,309.0,292.0,322.0,,29.0,5216
2018-10-28,345.0,324.0,358.0,,29.0,5216
2018-10-29,361.0,359.0,362.0,,29.0,5216
2018-10-30,363.0,362.0,363.0,,29.0,5216
2018-10-31,360.0,356.0,363.0,,29.0,5216
2018-11-01,348.0,341.0,355.0,,29.0,5216
2018-11-02,331.0,323.0,340.0,,29.0,5216
2018-11-03,313.0,304.0,322.0,,29.0,5216
2018-11-04,294.0,285.0,303.0,,29.0,5216
2018-11-05,277.0,270.0,285.0,,29.0,5216
2018-11-06,264.0,260.0,269.0,,2.0,5216
2018-11-07,256.0,254.0,260.0,,2.0,5216
2018-11-08,251.0,250.0,254.0,,29.0,5216
2018-11-09,254.0,250.0,262.0,,29.0,5216
2018-11-10,271.0,263.0,285.0,,29.0,5216
2018-11-11,321.0,287.0,344.0,,29.0,5216
2018-11-12,355.0,345.0,363.0,,29.0,5216
2018-11-13,368.0,363.0,370.0,,29.0,5216
2018-11-14,364.0,358.0,369.0,,29.0,5216
2018-11-15,352.0,347.0,357.0,,2.29,5216
2018-11-16,338.0,330.0,346.0,,29.0,5216
2018-11-17,321.0,313.0,329.0,,2.0,5216
2018-11-18,304.0,297.0,312.0,,15.0,5216
2018-11-19,290.0,285.0,296.0,,15.0,5216
2018-11-20,279.0,275.0,285.0,,16.0,5216
2018-11-21,273.0,269.0,277.0,,16.0,5216
2018-11-22,268.0,262.0,270.0,,16.0,5216
2018-11-23,255.0,251.0,258.0,,16.0,5216
2018-11-24,245.0,243.0,247.0,,16.15,5216
2018-11-25,237.0,236.0,239.0,,16.15,5216
2018-11-26,231.0,230.0,232.0,,16.15,5216
2018-11-27,228.0,227.0,229.0,,16.15,5216
2018-11-28,225.0,222.0,227.0,,16.0,5216
2018-11-29,221.0,217.0,224.0,,16.0,5216
2018-11-30,216.0,215.0,217.0,,16.0,5216
2018-12-01,214.0,213.0,214.0,,16.0,5216
2018-12-02,211.0,211.0,211.0,,16.47,5216
2018-12-03,213.0,211.0,214.0,,16.47,5216
2018-12-04,218.0,217.0,218.0,,16.0,5216
2018-12-05,221.0,215.0,226.0,,16.0,5216
2018-12-06,215.0,215.0,215.0,,16.0,5216
2018-12-07,215.0,215.0,215.0,,16.0,5216
2018-12-08,218.0,217.0,218.0,,16.0,5216
2018-12-09,222.0,221.0,223.0,,16.0,5216
2018-12-10,227.0,226.0,228.0,,16.0,5216
2018-12-11,222.0,218.0,225.0,,16.0,5216
2018-12-12,213.0,211.0,215.0,,16.0,5216
2018-12-13,208.0,207.0,209.0,,16.0,5216
2018-12-14,206.0,205.0,206.0,,16.0,5216
2018-12-15,203.0,202.0,203.0,,16.0,5216
2018-12-16,201.0,201.0,201.0,,16.0,5216
2018-12-17,200.0,199.0,200.0,,16.0,5216
2018-12-18,198.0,198.0,198.0,,16.0,5216
2018-12-19,198.0,197.0,198.0,,16.0,5216
2018-12-20,196.0,195.0,197.0,,16.0,5216
2018-12-21,193.0,193.0,193.0,,16.0,5216
2018-12-22,192.0,192.0,192.0,,16.0,5216
2018-12-23,191.0,191.0,191.0,,16.0,5216
2018-12-24,191.0,191.0,191.0,,16.0,5216
2018-12-25,192.0,191.0,192.0,,16.0,5216
2018-12-26,191.0,190.0,191.0,,16.0,5216
2018-12-27,191.0,191.0,191.0,,16.0,5216
2018-12-28,192.0,191.0,192.0,,16.0,5216
2018-12-29,191.0,190.0,191.0,,16.0,5216
2018-12-30,189.0,189.0,189.0,,16.0,5216
2018-12-31,188.0,188.0,188.0,,16.0,5216
